1 0.0714286 0.142857 0.214286 0.285714 0.357143 0.428571 0.5 0.571429 0.642857 0.714286 0.785714 0.857143 0.928571 1 
0.862245 0.448705 0.33237 0.317563 0.342562 0.385307 0.436835 0.493045 0.551879 0.612241 0.673562 0.73561 0.798436 0.862424 0.928571 
0.734694 0.529115 0.421031 0.38205 0.383017 0.406382 0.442446 0.485837 0.533508 0.583712 0.635495 0.688452 0.742627 0.798516 0.857143 
0.617347 0.512342 0.441216 0.407525 0.402326 0.416321 0.442606 0.476537 0.515103 0.556416 0.599379 0.643511 0.688853 0.735931 0.785714 
0.510204 0.461979 0.424537 0.405371 0.403586 0.415403 0.43684 0.464607 0.496245 0.530047 0.564959 0.600511 0.636781 0.674362 0.714286 
0.413265 0.401092 0.390105 0.386617 0.392286 0.406167 0.426309 0.450631 0.477306 0.504913 0.532504 0.559657 0.586521 0.613836 0.642857 
0.326531 0.339253 0.348645 0.359411 0.373715 0.391842 0.413004 0.435943 0.459311 0.481905 0.502832 0.521668 0.538622 0.554648 0.571429 
0.25 0.280955 0.306229 0.329291 0.352155 0.375527 0.399174 0.422284 0.443759 0.462441 0.477332 0.487854 0.494152 0.497413 0.5 
0.183673 0.228519 0.26639 0.299919 0.330817 0.35985 0.386975 0.41154 0.43246 0.448407 0.458027 0.460269 0.454906 0.443221 0.428571 
0.127551 0.183214 0.231207 0.273647 0.311971 0.346861 0.378278 0.405534 0.427384 0.442108 0.447661 0.442008 0.423858 0.394022 0.357143 
0.0816327 0.14571 0.20184 0.251881 0.29708 0.338 0.374522 0.405847 0.430476 0.446152 0.449805 0.437675 0.406058 0.35356 0.285714 
0.0459184 0.116258 0.178771 0.235271 0.286885 0.33406 0.37659 0.413585 0.443356 0.463159 0.468774 0.453973 0.410391 0.329797 0.214286 
0.0204082 0.0947129 0.161869 0.223783 0.281442 0.335157 0.384661 0.429095 0.466828 0.495056 0.508941 0.499913 0.452673 0.341967 0.142857 
0.00510204 0.0803681 0.150316 0.216706 0.280153 0.340724 0.398118 0.45167 0.500223 0.541767 0.57254 0.584636 0.559047 0.443217 0.0714286 
0 0.0713678 0.142372 0.21265 0.281843 0.349599 0.415572 0.479426 0.540834 0.599485 0.655078 0.70733 0.755975 0.800765 0 

