1 0.0714286 0.142857 0.214286 0.285714 0.357143 0.428571 0.5 0.571429 0.642857 0.714286 0.785714 0.857143 0.928571 1 
0.862245 0.448705 0.33237 0.317563 0.342562 0.385307 0.436835 0.493045 0.551879 0.612241 0.673562 0.73561 0.798436 0.862424 0.928571 
0.734694 0.529115 0.421031 0.382049 0.383017 0.406382 0.442446 0.485837 0.533508 0.583712 0.635495 0.688451 0.742627 0.798516 0.857143 
0.617347 0.512342 0.441215 0.407525 0.402325 0.41632 0.442606 0.476537 0.515103 0.556416 0.599379 0.643511 0.688853 0.735931 0.785714 
0.510204 0.461978 0.424537 0.40537 0.403585 0.415402 0.43684 0.464607 0.496244 0.530047 0.564959 0.60051 0.63678 0.674362 0.714286 
0.413265 0.401092 0.390105 0.386617 0.392286 0.406166 0.426308 0.45063 0.477305 0.504912 0.532503 0.559656 0.58652 0.613835 0.642857 
0.326531 0.339253 0.348645 0.35941 0.373714 0.391841 0.413003 0.435941 0.45931 0.481904 0.50283 0.521667 0.538622 0.554648 0.571429 
0.25 0.280954 0.306228 0.32929 0.352153 0.375525 0.399172 0.422283 0.443757 0.462439 0.477331 0.487853 0.494151 0.497413 0.5 
2 2 0.266389 0.299917 0.330815 0.359847 0.386973 0.411537 0.432457 0.448405 0.458025 0.460267 0.454905 0.44322 0.428571 
0.127551 0.183214 0.231207 0.273645 0.311969 0.34686 0.378276 0.405532 0.427382 0.442106 0.44766 0.442006 0.423857 0.394022 0.357143 
0.0816327 0.14571 0.201839 0.25188 0.297079 0.337999 0.374521 0.405845 0.430475 0.446151 0.449804 0.437674 0.406058 0.353559 0.285714 
0.0459184 0.116258 0.17877 0.23527 0.286884 0.334059 0.376589 0.413584 0.443355 0.463158 0.468773 0.453973 0.410391 0.329797 0.214286 
0.0204082 0.0947128 0.161869 0.223782 0.281442 0.335156 0.384661 0.429094 0.466827 0.495056 0.50894 0.499912 0.452673 0.341967 0.142857 
0.00510204 0.080368 0.150316 0.216705 0.280152 0.340723 0.398117 0.451669 0.500222 0.541767 0.57254 0.584636 0.559047 0.443217 0.0714286 
3.08149e-33 0.0713678 0.142372 0.21265 0.281843 0.349599 0.415572 0.479426 0.540834 0.599485 0.655078 0.70733 0.755975 0.800765 5.55112e-17 

