210.000000 0.0000000 0.0000000 0.0000000 0.0000000 0.0000000 0.0000000 1.0000000
212.000000 -0.0408821 0.0087159 -0.0069199 -0.0030657 0.0038418 -0.0057642 0.9999713
218.000000 -0.1465098 -0.0039604 -0.0086728 -0.0227861 0.0087370 0.0098797 0.9996533
219.000000 -0.1686339 -0.0076046 -0.0111865 -0.0246461 0.0080477 0.0161163 0.9995340
220.000000 -0.1833434 -0.0145936 -0.0094759 -0.0268943 -0.0001786 0.0275340 0.9992590
232.000000 -0.2893563 -0.0620769 0.0409240 -0.0189448 0.0886764 0.0811791 0.9925662
233.000000 -0.3003959 -0.0700437 0.0458797 -0.0224878 0.1025648 0.0837229 0.9909416
241.000000 -0.3926539 -0.0941616 0.0910007 -0.0267303 0.1644180 0.0761690 0.9830822
249.000000 -0.4616283 -0.1437010 0.1576220 -0.0404014 0.1921881 0.0690805 0.9780896
259.000000 -0.4888272 -0.1907976 0.2345969 -0.0393211 0.2014147 0.0364141 0.9780388
261.000000 -0.4850083 -0.2042425 0.2455260 -0.0488885 0.2040101 0.0379676 0.9770098
263.000000 -0.4731846 -0.2066836 0.2432617 -0.0428303 0.2015389 0.0333389 0.9779755
270.000000 -0.4196788 -0.1938506 0.2284344 -0.0438050 0.2252777 0.0457147 0.9722351
272.000000 -0.3993694 -0.1789771 0.2194317 -0.0413605 0.2341823 0.0581831 0.9695683
295.000000 -0.3288966 0.0206847 0.1389276 -0.1746968 0.2085913 0.0540788 0.9607529
298.000000 -0.3264638 0.0404579 0.1134695 -0.1713853 0.1929708 0.0197337 0.9659192
304.000000 -0.2634949 0.0724888 0.0364775 -0.1786123 0.1486424 -0.0194529 0.9724324
310.000000 -0.1911733 0.0749486 -0.0300404 -0.1608098 0.1048375 -0.0581737 0.9796761
314.000000 -0.1341659 0.0735460 -0.0676791 -0.1473427 0.0834546 -0.0828169 0.9820727
326.000000 0.0560420 0.0065938 -0.1277454 -0.1317075 0.0400431 -0.1038131 0.9850241
330.000000 0.1207047 -0.0459068 -0.1521008 -0.1176905 0.0305987 -0.1230612 0.9849206
332.000000 0.1465030 -0.0868295 -0.1655958 -0.1160807 0.0272685 -0.1438610 0.9823878
338.000000 0.2029188 -0.1825791 -0.2143386 -0.1024302 0.0045542 -0.1871415 0.9769675
340.000000 0.2113815 -0.2066710 -0.2338907 -0.0924834 0.0017048 -0.1996956 0.9754822
342.000000 0.2085162 -0.2380147 -0.2511983 -0.0844958 -0.0124587 -0.2034128 0.9753607
344.000000 0.2262987 -0.2434939 -0.2733080 -0.0725302 -0.0452272 -0.2035487 0.9753265
347.000000 0.2600549 -0.2937228 -0.2843032 -0.0811207 -0.0933007 -0.2143029 0.9689111
350.000000 0.2966643 -0.3395138 -0.3015639 -0.0733957 -0.1116069 -0.2371178 0.9622537
352.000000 0.3253928 -0.3649723 -0.3170761 -0.0671602 -0.1193603 -0.2495931 0.9586167
354.000000 0.3486549 -0.4336748 -0.3253874 -0.0718065 -0.1255159 -0.2697791 0.9520025
356.000000 0.3653793 -0.4721487 -0.3443246 -0.0433393 -0.1137888 -0.2871343 0.9501199
360.000000 0.3666782 -0.4985238 -0.3632166 0.0253343 -0.1252637 -0.3441314 0.9301832
362.000000 0.3768439 -0.5025106 -0.3627213 0.0374673 -0.1616196 -0.3646538 0.9162439
364.000000 0.3914138 -0.5331186 -0.3333081 0.0302583 -0.1944100 -0.4008865 0.8947509
368.000000 0.4086041 -0.5565299 -0.2801858 0.0601239 -0.2227013 -0.4592979 0.8578081
370.000000 0.4591619 -0.5300073 -0.2329192 0.0469241 -0.2448201 -0.4875703 0.8367416
372.000000 0.4660301 -0.5391299 -0.1883259 0.0136053 -0.2564278 -0.5068871 0.8228762
374.000000 0.4830365 -0.5468209 -0.1461675 -0.0138004 -0.2669010 -0.5171052 0.8131271
379.000000 0.5486234 -0.5732055 -0.0488898 -0.0723161 -0.3282338 -0.4653185 0.8188478
382.000000 0.6072716 -0.5969005 -0.0001080 -0.0954011 -0.3585223 -0.4371831 0.8192871
385.000000 0.6759811 -0.6178985 0.0410111 -0.0966269 -0.3836235 -0.4072642 0.8231842
388.000000 0.7489321 -0.6377089 0.0857061 -0.0990005 -0.4112629 -0.3754421 0.8246847
395.000000 0.9314128 -0.6579535 0.2011992 -0.0645694 -0.4353519 -0.3256609 0.8368061
403.000000 1.1166005 -0.6404735 0.2513576 -0.0821888 -0.4484127 -0.3332065 0.8253148
406.000000 1.1807718 -0.6807600 0.2723031 -0.0721702 -0.4471074 -0.3577503 0.8166401
408.000000 1.2013892 -0.7015147 0.2711954 -0.0706486 -0.4340152 -0.3714616 0.8177139
411.000000 1.2619848 -0.7217109 0.2853446 -0.0683329 -0.4471661 -0.3758660 0.8087631
413.000000 1.2957937 -0.7408271 0.3076012 -0.0697209 -0.4438668 -0.3785409 0.8092145
418.000000 1.3656809 -0.7887272 0.3672212 -0.0709471 -0.4437967 -0.4073677 0.7950236
420.000000 1.3864421 -0.8080313 0.3872668 -0.0591750 -0.4495619 -0.4156678 0.7884241
422.000000 1.4055398 -0.8239017 0.4058108 -0.0660524 -0.4568873 -0.4182921 0.7822549
424.000000 1.4284871 -0.8418121 0.4226682 -0.0715030 -0.4805411 -0.4153134 0.7690789
434.000000 1.5140954 -0.9354413 0.5144067 -0.0649181 -0.5276486 -0.4455230 0.7203345
436.000000 1.5328212 -0.9512295 0.5310805 -0.0611577 -0.5392410 -0.4505096 0.7088864
438.000000 1.5535057 -0.9666887 0.5464719 -0.0697260 -0.5478231 -0.4561543 0.6978191
448.000000 1.5869776 -1.0610228 0.6410675 -0.0776097 -0.5859399 -0.4631738 0.6603948
452.000000 1.5545735 -1.0853546 0.6832630 -0.0653072 -0.6040146 -0.4541099 0.6516790
454.000000 1.5362583 -1.0911443 0.7061633 -0.0638053 -0.6183249 -0.4490145 0.6418639
458.000000 1.4760451 -1.1060226 0.7595286 -0.0567035 -0.6328555 -0.4484161 0.6286506
462.000000 1.4184276 -1.1213503 0.8133640 -0.0554569 -0.6428894 -0.4522078 0.6157320
470.000000 1.2791508 -1.2040054 0.8774788 -0.0718732 -0.6335167 -0.4544313 0.6220796
476.000000 1.1851213 -1.2627110 0.8576699 -0.0680539 -0.6303262 -0.4768255 0.6088473
478.000000 1.1547333 -1.2763600 0.8477736 -0.0651636 -0.6412516 -0.4749795 0.5991198
481.000000 1.1092166 -1.2971942 0.8351995 -0.0551332 -0.6513307 -0.4769820 0.5875516
483.000000 1.0919687 -1.3032779 0.8418078 -0.0509517 -0.6494138 -0.4812051 0.5866066
490.000000 1.0302873 -1.2930905 0.8451004 -0.0912623 -0.6012233 -0.5459310 0.5763341
493.000000 0.9986531 -1.2749622 0.8438691 -0.0911257 -0.5727239 -0.5724710 0.5796210
496.000000 0.9773905 -1.2549756 0.8598548 -0.0955588 -0.5600795 -0.5856566 0.5780881
499.000000 0.9560602 -1.2375054 0.8831795 -0.0850935 -0.5379709 -0.6051205 0.5806682
501.000000 0.9472140 -1.2079929 0.8862691 -0.0737165 -0.5236976 -0.6164795 0.5833179
503.000000 0.9462242 -1.1846470 0.9032128 -0.0810367 -0.5218448 -0.6193054 0.5810094
