210.000000 0.0000000 0.0000000 0.0000000 0.0000000 0.0000000 0.0000000 1.0000000
212.000000 -0.0408821 0.0087159 -0.0069199 -0.0030657 0.0038418 -0.0057642 0.9999713
218.000000 -0.1465098 -0.0039604 -0.0086728 -0.0227861 0.0087370 0.0098797 0.9996533
219.000000 -0.1686339 -0.0076046 -0.0111865 -0.0246461 0.0080477 0.0161163 0.9995340
220.000000 -0.1833434 -0.0145936 -0.0094759 -0.0268943 -0.0001786 0.0275340 0.9992590
232.000000 -0.2893563 -0.0620769 0.0409240 -0.0189448 0.0886764 0.0811791 0.9925662
233.000000 -0.3003959 -0.0700437 0.0458797 -0.0224878 0.1025648 0.0837229 0.9909416
241.000000 -0.3926539 -0.0941616 0.0910007 -0.0267303 0.1644180 0.0761690 0.9830822
249.000000 -0.4616283 -0.1437010 0.1576220 -0.0404014 0.1921881 0.0690805 0.9780896
259.000000 -0.4888272 -0.1907976 0.2345969 -0.0393211 0.2014147 0.0364141 0.9780388
261.000000 -0.4850083 -0.2042425 0.2455260 -0.0488885 0.2040101 0.0379676 0.9770098
263.000000 -0.4731846 -0.2066836 0.2432617 -0.0428303 0.2015389 0.0333389 0.9779755
270.000000 -0.4196788 -0.1938506 0.2284344 -0.0438050 0.2252777 0.0457147 0.9722351
272.000000 -0.3993694 -0.1789771 0.2194317 -0.0413605 0.2341823 0.0581831 0.9695683
295.000000 -0.3288966 0.0206847 0.1389276 -0.1746968 0.2085913 0.0540788 0.9607529
298.000000 -0.3264638 0.0404579 0.1134695 -0.1713853 0.1929708 0.0197337 0.9659192
304.000000 -0.2634949 0.0724888 0.0364775 -0.1786123 0.1486424 -0.0194529 0.9724324
310.000000 -0.1911733 0.0749486 -0.0300404 -0.1608098 0.1048375 -0.0581737 0.9796761
314.000000 -0.1341659 0.0735460 -0.0676791 -0.1473427 0.0834546 -0.0828169 0.9820727
326.000000 0.0560420 0.0065938 -0.1277454 -0.1317075 0.0400431 -0.1038131 0.9850241
330.000000 0.1207047 -0.0459068 -0.1521008 -0.1176905 0.0305987 -0.1230612 0.9849206
332.000000 0.1465030 -0.0868295 -0.1655958 -0.1160807 0.0272685 -0.1438610 0.9823878
338.000000 0.2029188 -0.1825791 -0.2143386 -0.1024302 0.0045542 -0.1871415 0.9769675
340.000000 0.2113815 -0.2066710 -0.2338907 -0.0924834 0.0017048 -0.1996956 0.9754822
342.000000 0.2085162 -0.2380147 -0.2511983 -0.0844958 -0.0124587 -0.2034128 0.9753607
344.000000 0.2262987 -0.2434939 -0.2733080 -0.0725302 -0.0452272 -0.2035487 0.9753265
347.000000 0.2600549 -0.2937228 -0.2843032 -0.0811207 -0.0933007 -0.2143029 0.9689111
350.000000 0.2966643 -0.3395138 -0.3015639 -0.0733957 -0.1116069 -0.2371178 0.9622537
352.000000 0.3253928 -0.3649723 -0.3170761 -0.0671602 -0.1193603 -0.2495931 0.9586167
354.000000 0.3486549 -0.4336748 -0.3253874 -0.0718065 -0.1255159 -0.2697791 0.9520025
356.000000 0.3653793 -0.4721487 -0.3443246 -0.0433393 -0.1137888 -0.2871343 0.9501199
360.000000 0.3666782 -0.4985238 -0.3632166 0.0253343 -0.1252637 -0.3441314 0.9301832
362.000000 0.3768439 -0.5025106 -0.3627213 0.0374673 -0.1616196 -0.3646538 0.9162439
364.000000 0.3914138 -0.5331186 -0.3333081 0.0302583 -0.1944100 -0.4008865 0.8947509
368.000000 0.4086041 -0.5565299 -0.2801858 0.0601239 -0.2227013 -0.4592979 0.8578081
370.000000 0.4591619 -0.5300073 -0.2329192 0.0469241 -0.2448201 -0.4875703 0.8367416
372.000000 0.4660301 -0.5391299 -0.1883259 0.0136053 -0.2564278 -0.5068871 0.8228762
374.000000 0.4830365 -0.5468209 -0.1461675 -0.0138004 -0.2669010 -0.5171052 0.8131271
379.000000 0.5478120 -0.5727652 -0.0496581 -0.0722533 -0.3278223 -0.4655675 0.8188766
382.000000 0.6061274 -0.5961640 -0.0010795 -0.0952011 -0.3579600 -0.4376835 0.8192891
385.000000 0.6750041 -0.6172856 0.0397916 -0.0964366 -0.3830430 -0.4076560 0.8232828
388.000000 0.7486659 -0.6370822 0.0850796 -0.0987790 -0.4109792 -0.3755501 0.8248036
391.000000 0.8199545 -0.6492280 0.1300660 -0.0931374 -0.4295728 -0.3469141 0.8285187
395.000000 0.9314681 -0.6592531 0.1990115 -0.0651782 -0.4346010 -0.3253614 0.8372656
403.000000 1.1167047 -0.6436368 0.2467529 -0.0836120 -0.4470114 -0.3327245 0.8261260
406.000000 1.1816992 -0.6843373 0.2692629 -0.0737946 -0.4464020 -0.3570511 0.8171867
408.000000 1.2021902 -0.7048108 0.2686259 -0.0721634 -0.4333286 -0.3707344 0.8182755
411.000000 1.2632256 -0.7255123 0.2824109 -0.0699827 -0.4464897 -0.3752021 0.8093039
413.000000 1.2980524 -0.7441361 0.3061243 -0.0710755 -0.4437043 -0.3779509 0.8094615
418.000000 1.3674139 -0.7921866 0.3658415 -0.0724949 -0.4434743 -0.4070119 0.7952461
420.000000 1.3889134 -0.8121349 0.3868143 -0.0607924 -0.4496149 -0.4150890 0.7885759
422.000000 1.4080958 -0.8280368 0.4060990 -0.0676927 -0.4571265 -0.4177662 0.7822560
424.000000 1.4311378 -0.8460348 0.4229969 -0.0730774 -0.4807401 -0.4149619 0.7689963
428.000000 1.4729421 -0.8959784 0.4641778 -0.0774212 -0.5031970 -0.4205252 0.7509710
430.000000 1.4868536 -0.9093580 0.4844707 -0.0730558 -0.5079650 -0.4329084 0.7410970
432.000000 1.5020446 -0.9231349 0.4998390 -0.0682419 -0.5163543 -0.4398386 0.7316169
434.000000 1.5169771 -0.9420883 0.5169192 -0.0671527 -0.5284428 -0.4449491 0.7199021
436.000000 1.5355560 -0.9563882 0.5331424 -0.0630966 -0.5398049 -0.4498692 0.7086940
