210.000000 0.0000000 0.0000000 0.0000000 0.0000000 0.0000000 0.0000000 1.0000000
212.000000 -0.0408821 0.0087159 -0.0069199 -0.0030657 0.0038418 -0.0057642 0.9999713
218.000000 -0.1465098 -0.0039604 -0.0086728 -0.0227861 0.0087370 0.0098797 0.9996533
219.000000 -0.1686339 -0.0076046 -0.0111865 -0.0246461 0.0080477 0.0161163 0.9995340
220.000000 -0.1833434 -0.0145936 -0.0094759 -0.0268943 -0.0001786 0.0275340 0.9992590
232.000000 -0.2893563 -0.0620769 0.0409240 -0.0189448 0.0886764 0.0811791 0.9925662
233.000000 -0.3003959 -0.0700437 0.0458797 -0.0224878 0.1025648 0.0837229 0.9909416
241.000000 -0.3926539 -0.0941616 0.0910007 -0.0267303 0.1644180 0.0761690 0.9830822
249.000000 -0.4616283 -0.1437010 0.1576220 -0.0404014 0.1921881 0.0690805 0.9780896
259.000000 -0.4888272 -0.1907976 0.2345969 -0.0393211 0.2014147 0.0364141 0.9780388
261.000000 -0.4850083 -0.2042425 0.2455260 -0.0488885 0.2040101 0.0379676 0.9770098
263.000000 -0.4731846 -0.2066836 0.2432617 -0.0428303 0.2015389 0.0333389 0.9779755
270.000000 -0.4196788 -0.1938506 0.2284344 -0.0438050 0.2252777 0.0457147 0.9722351
272.000000 -0.3993694 -0.1789771 0.2194317 -0.0413605 0.2341823 0.0581831 0.9695683
295.000000 -0.3288966 0.0206847 0.1389276 -0.1746968 0.2085913 0.0540788 0.9607529
298.000000 -0.3264638 0.0404579 0.1134695 -0.1713853 0.1929708 0.0197337 0.9659192
304.000000 -0.2634949 0.0724888 0.0364775 -0.1786123 0.1486424 -0.0194529 0.9724324
310.000000 -0.1911733 0.0749486 -0.0300404 -0.1608098 0.1048375 -0.0581737 0.9796761
314.000000 -0.1341659 0.0735460 -0.0676791 -0.1473427 0.0834546 -0.0828169 0.9820727
326.000000 0.0560420 0.0065938 -0.1277454 -0.1317075 0.0400431 -0.1038131 0.9850241
330.000000 0.1207047 -0.0459068 -0.1521008 -0.1176905 0.0305987 -0.1230612 0.9849206
332.000000 0.1465030 -0.0868295 -0.1655958 -0.1160807 0.0272685 -0.1438610 0.9823878
338.000000 0.2029188 -0.1825791 -0.2143386 -0.1024302 0.0045542 -0.1871415 0.9769675
340.000000 0.2113815 -0.2066710 -0.2338907 -0.0924834 0.0017048 -0.1996956 0.9754822
342.000000 0.2085162 -0.2380147 -0.2511983 -0.0844958 -0.0124587 -0.2034128 0.9753607
344.000000 0.2262987 -0.2434939 -0.2733080 -0.0725302 -0.0452272 -0.2035487 0.9753265
347.000000 0.2600549 -0.2937228 -0.2843032 -0.0811207 -0.0933007 -0.2143029 0.9689111
350.000000 0.2966643 -0.3395138 -0.3015639 -0.0733957 -0.1116069 -0.2371178 0.9622537
352.000000 0.3253928 -0.3649723 -0.3170761 -0.0671602 -0.1193603 -0.2495931 0.9586167
354.000000 0.3486549 -0.4336748 -0.3253874 -0.0718065 -0.1255159 -0.2697791 0.9520025
356.000000 0.3653793 -0.4721487 -0.3443246 -0.0433393 -0.1137888 -0.2871343 0.9501199
360.000000 0.3666782 -0.4985238 -0.3632166 0.0253343 -0.1252637 -0.3441314 0.9301832
362.000000 0.3768439 -0.5025106 -0.3627213 0.0374673 -0.1616196 -0.3646538 0.9162439
364.000000 0.3914138 -0.5331186 -0.3333081 0.0302583 -0.1944100 -0.4008865 0.8947509
368.000000 0.4086041 -0.5565299 -0.2801858 0.0601239 -0.2227013 -0.4592979 0.8578081
370.000000 0.4591619 -0.5300073 -0.2329192 0.0469241 -0.2448201 -0.4875703 0.8367416
372.000000 0.4660301 -0.5391299 -0.1883259 0.0136053 -0.2564278 -0.5068871 0.8228762
374.000000 0.4830365 -0.5468209 -0.1461675 -0.0138004 -0.2669010 -0.5171052 0.8131271
379.000000 0.5478120 -0.5727652 -0.0496581 -0.0722533 -0.3278223 -0.4655675 0.8188766
382.000000 0.6062524 -0.5964558 -0.0009587 -0.0953140 -0.3580315 -0.4375747 0.8193028
385.000000 0.6751527 -0.6172907 0.0399297 -0.0964291 -0.3831100 -0.4076052 0.8232777
388.000000 0.7488359 -0.6368906 0.0853446 -0.0987170 -0.4110765 -0.3754837 0.8247927
391.000000 0.8200363 -0.6488501 0.1302863 -0.0929744 -0.4296589 -0.3469317 0.8284850
395.000000 0.9313792 -0.6582603 0.1994521 -0.0648115 -0.4347448 -0.3254116 0.8371999
403.000000 1.1163023 -0.6419134 0.2478921 -0.0829931 -0.4472981 -0.3328593 0.8259790
406.000000 1.1808317 -0.6824747 0.2698601 -0.0731074 -0.4464552 -0.3573537 0.8170871
408.000000 1.2014477 -0.7026064 0.2694021 -0.0713869 -0.4334736 -0.3709053 0.8181894
411.000000 1.2618027 -0.7234067 0.2829766 -0.0693391 -0.4464640 -0.3754832 0.8092431
413.000000 1.2965331 -0.7414467 0.3063962 -0.0702351 -0.4435430 -0.3781822 0.8095152
418.000000 1.3656212 -0.7897692 0.3654475 -0.0717593 -0.4431646 -0.4072773 0.7953495
420.000000 1.3870008 -0.8094612 0.3861958 -0.0600075 -0.4492734 -0.4153683 0.7886835
422.000000 1.4062216 -0.8253664 0.4052638 -0.0668681 -0.4567411 -0.4180730 0.7823882
424.000000 1.4294446 -0.8434783 0.4219363 -0.0722834 -0.4804353 -0.4152620 0.7690998
430.000000 1.4848223 -0.9052317 0.4829565 -0.0718403 -0.5074366 -0.4332110 0.7414009
432.000000 1.5002251 -0.9198894 0.4984673 -0.0673150 -0.5159359 -0.4401057 0.7318373
434.000000 1.5151114 -0.9386830 0.5151327 -0.0661336 -0.5279170 -0.4453074 0.7201607
436.000000 1.5342376 -0.9536893 0.5313399 -0.0621491 -0.5393430 -0.4501592 0.7089453
438.000000 1.5560670 -0.9696149 0.5468069 -0.0707351 -0.5481068 -0.4556506 0.6978238
440.000000 1.5708832 -0.9860398 0.5620649 -0.0742589 -0.5576771 -0.4584399 0.6879787
