210.000000 0.0000000 0.0000000 0.0000000 0.0000000 0.0000000 0.0000000 1.0000000
211.000000 -0.0201951 0.0046593 -0.0033036 0.0005015 0.0018823 -0.0028111 0.9999942
212.000000 -0.0414507 0.0090781 -0.0069716 -0.0028692 0.0037602 -0.0052332 0.9999751
214.000000 -0.0797665 0.0045268 -0.0082536 -0.0132098 0.0029621 -0.0010544 0.9999078
218.000000 -0.1516134 -0.0034810 -0.0071752 -0.0224917 0.0100452 0.0101938 0.9996446
219.000000 -0.1744173 -0.0074640 -0.0097210 -0.0243786 0.0093794 0.0166788 0.9995196
220.000000 -0.1901038 -0.0152392 -0.0073447 -0.0268313 0.0014174 0.0284897 0.9992329
232.000000 -0.2995517 -0.0638994 0.0449751 -0.0191177 0.0914481 0.0816003 0.9922767
233.000000 -0.3112599 -0.0727973 0.0502656 -0.0229958 0.1056056 0.0841956 0.9905704
241.000000 -0.4058209 -0.0967392 0.0981832 -0.0270453 0.1682560 0.0767221 0.9823809
249.000000 -0.4759331 -0.1461710 0.1680699 -0.0405021 0.1966152 0.0691333 0.9772014
259.000000 -0.5029150 -0.1930765 0.2466156 -0.0392101 0.2059885 0.0362142 0.9770977
261.000000 -0.4990147 -0.2069602 0.2576837 -0.0489005 0.2086187 0.0378410 0.9760405
263.000000 -0.4869046 -0.2093871 0.2549847 -0.0428803 0.2060333 0.0333396 0.9770364
270.000000 -0.4326670 -0.1963957 0.2389248 -0.0437615 0.2294559 0.0456570 0.9712622
272.000000 -0.4113115 -0.1807787 0.2294712 -0.0410033 0.2379172 0.0582971 0.9686669
276.000000 -0.3686370 -0.1283349 0.2098832 -0.0497603 0.2551690 0.0877181 0.9616227
281.000000 -0.3497632 -0.0989622 0.2008921 -0.0826605 0.2563266 0.1405472 0.9527383
285.000000 -0.3460846 -0.0667948 0.1921351 -0.1034317 0.2600611 0.1317330 0.9509556
288.000000 -0.3459933 -0.0326044 0.1860380 -0.1227402 0.2569125 0.1103334 0.9522381
295.000000 -0.3400851 0.0214470 0.1467320 -0.1742022 0.2119471 0.0550140 0.9600549
298.000000 -0.3370113 0.0430111 0.1203600 -0.1701204 0.1958863 0.0204526 0.9655409
304.000000 -0.2722219 0.0754233 0.0395226 -0.1778234 0.1506480 -0.0189754 0.9722777
307.000000 -0.2371239 0.0746297 0.0061427 -0.1700193 0.1307771 -0.0304593 0.9762495
310.000000 -0.1965770 0.0788833 -0.0296775 -0.1594310 0.1057306 -0.0578253 0.9798260
312.000000 -0.1681096 0.0847079 -0.0560516 -0.1503033 0.0931745 -0.0749475 0.9813818
314.000000 -0.1371015 0.0777643 -0.0683028 -0.1458690 0.0837805 -0.0826171 0.9822817
317.000000 -0.0990101 0.0673074 -0.0869735 -0.1420001 0.0685221 -0.0915907 0.9832354
320.000000 -0.0395009 0.0602016 -0.1046589 -0.1383651 0.0471716 -0.1000573 0.9841841
322.000000 -0.0023746 0.0444648 -0.1103906 -0.1389263 0.0478291 -0.1034591 0.9837216
