210.000000 0.0000000 0.0000000 0.0000000 0.0000000 0.0000000 0.0000000 1.0000000
212.000000 -0.0408821 0.0087159 -0.0069199 -0.0030657 0.0038418 -0.0057642 0.9999713
218.000000 -0.1465098 -0.0039604 -0.0086728 -0.0227861 0.0087370 0.0098797 0.9996533
219.000000 -0.1686339 -0.0076046 -0.0111865 -0.0246461 0.0080477 0.0161163 0.9995340
220.000000 -0.1833434 -0.0145936 -0.0094759 -0.0268943 -0.0001786 0.0275340 0.9992590
232.000000 -0.2893563 -0.0620769 0.0409240 -0.0189448 0.0886764 0.0811791 0.9925662
233.000000 -0.3003959 -0.0700437 0.0458797 -0.0224878 0.1025648 0.0837229 0.9909416
241.000000 -0.3926539 -0.0941616 0.0910007 -0.0267303 0.1644180 0.0761690 0.9830822
249.000000 -0.4616283 -0.1437010 0.1576220 -0.0404014 0.1921881 0.0690805 0.9780896
259.000000 -0.4888272 -0.1907976 0.2345969 -0.0393211 0.2014147 0.0364141 0.9780388
261.000000 -0.4850083 -0.2042425 0.2455260 -0.0488885 0.2040101 0.0379676 0.9770098
263.000000 -0.4731846 -0.2066836 0.2432617 -0.0428303 0.2015389 0.0333389 0.9779755
270.000000 -0.4196788 -0.1938506 0.2284344 -0.0438050 0.2252777 0.0457147 0.9722351
272.000000 -0.3993694 -0.1789771 0.2194317 -0.0413605 0.2341823 0.0581831 0.9695683
295.000000 -0.3288966 0.0206847 0.1389276 -0.1746968 0.2085913 0.0540788 0.9607529
298.000000 -0.3264638 0.0404579 0.1134695 -0.1713853 0.1929708 0.0197337 0.9659192
304.000000 -0.2634949 0.0724888 0.0364775 -0.1786123 0.1486424 -0.0194529 0.9724324
310.000000 -0.1911733 0.0749486 -0.0300404 -0.1608098 0.1048375 -0.0581737 0.9796761
314.000000 -0.1341659 0.0735460 -0.0676791 -0.1473427 0.0834546 -0.0828169 0.9820727
326.000000 0.0560420 0.0065938 -0.1277454 -0.1317075 0.0400431 -0.1038131 0.9850241
330.000000 0.1207047 -0.0459068 -0.1521008 -0.1176905 0.0305987 -0.1230612 0.9849206
332.000000 0.1465030 -0.0868295 -0.1655958 -0.1160807 0.0272685 -0.1438610 0.9823878
338.000000 0.2029188 -0.1825791 -0.2143386 -0.1024302 0.0045542 -0.1871415 0.9769675
340.000000 0.2113815 -0.2066710 -0.2338907 -0.0924834 0.0017048 -0.1996956 0.9754822
342.000000 0.2085162 -0.2380147 -0.2511983 -0.0844958 -0.0124587 -0.2034128 0.9753607
344.000000 0.2262987 -0.2434939 -0.2733080 -0.0725302 -0.0452272 -0.2035487 0.9753265
347.000000 0.2600549 -0.2937228 -0.2843032 -0.0811207 -0.0933007 -0.2143029 0.9689111
350.000000 0.2966643 -0.3395138 -0.3015639 -0.0733957 -0.1116069 -0.2371178 0.9622537
352.000000 0.3253928 -0.3649723 -0.3170761 -0.0671602 -0.1193603 -0.2495931 0.9586167
354.000000 0.3486549 -0.4336748 -0.3253874 -0.0718065 -0.1255159 -0.2697791 0.9520025
356.000000 0.3653793 -0.4721487 -0.3443246 -0.0433393 -0.1137888 -0.2871343 0.9501199
360.000000 0.3666782 -0.4985238 -0.3632166 0.0253343 -0.1252637 -0.3441314 0.9301832
362.000000 0.3768439 -0.5025106 -0.3627213 0.0374673 -0.1616196 -0.3646538 0.9162439
364.000000 0.3914138 -0.5331186 -0.3333081 0.0302583 -0.1944100 -0.4008865 0.8947509
368.000000 0.4086041 -0.5565299 -0.2801858 0.0601239 -0.2227013 -0.4592979 0.8578081
370.000000 0.4591619 -0.5300073 -0.2329192 0.0469241 -0.2448201 -0.4875703 0.8367416
372.000000 0.4660301 -0.5391299 -0.1883259 0.0136053 -0.2564278 -0.5068871 0.8228762
374.000000 0.4830365 -0.5468209 -0.1461675 -0.0138004 -0.2669010 -0.5171052 0.8131271
379.000000 0.5486234 -0.5732055 -0.0488898 -0.0723161 -0.3282338 -0.4653185 0.8188478
382.000000 0.6072716 -0.5969005 -0.0001080 -0.0954011 -0.3585223 -0.4371831 0.8192871
385.000000 0.6759811 -0.6178985 0.0410111 -0.0966269 -0.3836235 -0.4072642 0.8231842
388.000000 0.7489321 -0.6377089 0.0857061 -0.0990005 -0.4112629 -0.3754421 0.8246847
395.000000 0.9314128 -0.6579535 0.2011992 -0.0645694 -0.4353519 -0.3256609 0.8368061
403.000000 1.1163031 -0.6408609 0.2514499 -0.0824158 -0.4484785 -0.3331273 0.8252884
406.000000 1.1795998 -0.6805972 0.2720141 -0.0724962 -0.4469334 -0.3575223 0.8168064
408.000000 1.1999526 -0.7011096 0.2711501 -0.0708659 -0.4338621 -0.3713626 0.8178212
411.000000 1.2596117 -0.7201050 0.2848150 -0.0683979 -0.4466882 -0.3756653 0.8091149
413.000000 1.2941892 -0.7400587 0.3064925 -0.0698184 -0.4434689 -0.3783754 0.8095015
418.000000 1.3641298 -0.7882456 0.3644034 -0.0709380 -0.4429114 -0.4076089 0.7953944
420.000000 1.3854747 -0.8064825 0.3860049 -0.0589861 -0.4492157 -0.4154333 0.7887592
422.000000 1.4041553 -0.8221115 0.4051739 -0.0660538 -0.4567077 -0.4178782 0.7825808
424.000000 1.4268051 -0.8411897 0.4207364 -0.0717592 -0.4799736 -0.4152346 0.7694519
436.000000 1.5316494 -0.9499949 0.5276067 -0.0612386 -0.5384510 -0.4503412 0.7095866
438.000000 1.5524043 -0.9648672 0.5428424 -0.0696868 -0.5470356 -0.4559307 0.6985865
448.000000 1.5864944 -1.0623047 0.6337162 -0.0784380 -0.5843068 -0.4634627 0.6615402
452.000000 1.5545086 -1.0883542 0.6758903 -0.0663880 -0.6024367 -0.4545587 0.6527167
454.000000 1.5364715 -1.0937539 0.6986161 -0.0646696 -0.6166900 -0.4495533 0.6429721
458.000000 1.4769325 -1.1093128 0.7514966 -0.0576785 -0.6310990 -0.4490120 0.6299012
462.000000 1.4195635 -1.1251135 0.8055406 -0.0564521 -0.6411622 -0.4528603 0.6169617
470.000000 1.2808114 -1.2085812 0.8679981 -0.0725016 -0.6312026 -0.4555255 0.6235570
476.000000 1.1868091 -1.2658743 0.8474640 -0.0683338 -0.6278366 -0.4779344 0.6105165
478.000000 1.1570948 -1.2810997 0.8378167 -0.0655064 -0.6389327 -0.4761010 0.6006677
481.000000 1.1112765 -1.3017553 0.8249766 -0.0553023 -0.6490012 -0.4783053 0.5890357
483.000000 1.0941151 -1.3085994 0.8310796 -0.0510228 -0.6469660 -0.4827592 0.5880265
490.000000 1.0304463 -1.2998861 0.8348212 -0.0919658 -0.5985888 -0.5476734 0.5773107
493.000000 0.9976008 -1.2812601 0.8322007 -0.0917407 -0.5695667 -0.5747176 0.5804111
499.000000 0.9521977 -1.2460332 0.8682853 -0.0864687 -0.5332957 -0.6088401 0.5808895
501.000000 0.9449421 -1.2145289 0.8765055 -0.0747639 -0.5208038 -0.6188128 0.5833048
503.000000 0.9444220 -1.1918080 0.8961452 -0.0828395 -0.5197952 -0.6208163 0.5809799
506.000000 0.9338554 -1.1576061 0.9162710 -0.1018346 -0.5040327 -0.6320661 0.5797182
512.000000 0.9450530 -1.0653870 0.9438972 -0.1300436 -0.4789715 -0.6368895 0.5899548
514.000000 0.9551889 -1.0245506 0.9456992 -0.1382921 -0.4764121 -0.6340256 0.5932270
517.000000 0.9699898 -0.9753178 0.9366620 -0.1477941 -0.4771133 -0.6319577 0.5925784
520.000000 0.9895446 -0.9297851 0.9201521 -0.1550224 -0.4727480 -0.6311703 0.5950642
523.000000 1.0102072 -0.8855416 0.8968104 -0.1654260 -0.4684750 -0.6269276 0.6001060
526.000000 1.0260723 -0.8443270 0.8716156 -0.1820025 -0.4571816 -0.6270751 0.6038517
532.000000 1.0514367 -0.7745130 0.8148403 -0.1934170 -0.4565469 -0.6223594 0.6056596
535.000000 1.0558826 -0.7482204 0.7899560 -0.2007490 -0.4511446 -0.6193800 0.6103579
538.000000 1.0569803 -0.7209734 0.7676954 -0.2079542 -0.4474996 -0.6143700 0.6156692
541.000000 1.0564888 -0.6995245 0.7485625 -0.2092492 -0.4392871 -0.6068037 0.6285149
544.000000 1.0539852 -0.6840157 0.7264428 -0.2071238 -0.4469538 -0.5914521 0.6383702
547.000000 1.0437552 -0.6721153 0.6989849 -0.1905435 -0.4555066 -0.5793449 0.6485109
550.000000 1.0363170 -0.6688597 0.6764321 -0.1818263 -0.4619850 -0.5595211 0.6636605
553.000000 1.0339892 -0.6646533 0.6597947 -0.1805289 -0.4601173 -0.5445399 0.6776265
557.000000 1.0270116 -0.6619865 0.6445520 -0.1783892 -0.4504322 -0.5349370 0.6921926
