210.000000 0.0000000 0.0000000 0.0000000 0.0000000 0.0000000 0.0000000 1.0000000
212.000000 -0.0408821 0.0087159 -0.0069199 -0.0030657 0.0038418 -0.0057642 0.9999713
218.000000 -0.1465098 -0.0039604 -0.0086728 -0.0227861 0.0087370 0.0098797 0.9996533
219.000000 -0.1686339 -0.0076046 -0.0111865 -0.0246461 0.0080477 0.0161163 0.9995340
220.000000 -0.1833434 -0.0145936 -0.0094759 -0.0268943 -0.0001786 0.0275340 0.9992590
232.000000 -0.2893563 -0.0620769 0.0409240 -0.0189448 0.0886764 0.0811791 0.9925662
233.000000 -0.3003959 -0.0700437 0.0458797 -0.0224878 0.1025648 0.0837229 0.9909416
241.000000 -0.3926539 -0.0941616 0.0910007 -0.0267303 0.1644180 0.0761690 0.9830822
249.000000 -0.4616283 -0.1437010 0.1576220 -0.0404014 0.1921881 0.0690805 0.9780896
259.000000 -0.4888272 -0.1907976 0.2345969 -0.0393211 0.2014147 0.0364141 0.9780388
261.000000 -0.4850083 -0.2042425 0.2455260 -0.0488885 0.2040101 0.0379676 0.9770098
263.000000 -0.4731846 -0.2066836 0.2432617 -0.0428303 0.2015389 0.0333389 0.9779755
270.000000 -0.4196788 -0.1938506 0.2284344 -0.0438050 0.2252777 0.0457147 0.9722351
272.000000 -0.3993694 -0.1789771 0.2194317 -0.0413605 0.2341823 0.0581831 0.9695683
295.000000 -0.3288966 0.0206847 0.1389276 -0.1746968 0.2085913 0.0540788 0.9607529
298.000000 -0.3264638 0.0404579 0.1134695 -0.1713853 0.1929708 0.0197337 0.9659192
304.000000 -0.2634949 0.0724888 0.0364775 -0.1786123 0.1486424 -0.0194529 0.9724324
310.000000 -0.1911733 0.0749486 -0.0300404 -0.1608098 0.1048375 -0.0581737 0.9796761
314.000000 -0.1341659 0.0735460 -0.0676791 -0.1473427 0.0834546 -0.0828169 0.9820727
326.000000 0.0560420 0.0065938 -0.1277454 -0.1317075 0.0400431 -0.1038131 0.9850241
330.000000 0.1207047 -0.0459068 -0.1521008 -0.1176905 0.0305987 -0.1230612 0.9849206
332.000000 0.1465030 -0.0868295 -0.1655958 -0.1160807 0.0272685 -0.1438610 0.9823878
338.000000 0.2029188 -0.1825791 -0.2143386 -0.1024302 0.0045542 -0.1871415 0.9769675
340.000000 0.2113815 -0.2066710 -0.2338907 -0.0924834 0.0017048 -0.1996956 0.9754822
342.000000 0.2085162 -0.2380147 -0.2511983 -0.0844958 -0.0124587 -0.2034128 0.9753607
344.000000 0.2262987 -0.2434939 -0.2733080 -0.0725302 -0.0452272 -0.2035487 0.9753265
347.000000 0.2600549 -0.2937228 -0.2843032 -0.0811207 -0.0933007 -0.2143029 0.9689111
350.000000 0.2966643 -0.3395138 -0.3015639 -0.0733957 -0.1116069 -0.2371178 0.9622537
352.000000 0.3253928 -0.3649723 -0.3170761 -0.0671602 -0.1193603 -0.2495931 0.9586167
354.000000 0.3486549 -0.4336748 -0.3253874 -0.0718065 -0.1255159 -0.2697791 0.9520025
356.000000 0.3653793 -0.4721487 -0.3443246 -0.0433393 -0.1137888 -0.2871343 0.9501199
360.000000 0.3666782 -0.4985238 -0.3632166 0.0253343 -0.1252637 -0.3441314 0.9301832
362.000000 0.3768439 -0.5025106 -0.3627213 0.0374673 -0.1616196 -0.3646538 0.9162439
364.000000 0.3914138 -0.5331186 -0.3333081 0.0302583 -0.1944100 -0.4008865 0.8947509
368.000000 0.4086041 -0.5565299 -0.2801858 0.0601239 -0.2227013 -0.4592979 0.8578081
370.000000 0.4591619 -0.5300073 -0.2329192 0.0469241 -0.2448201 -0.4875703 0.8367416
372.000000 0.4660301 -0.5391299 -0.1883259 0.0136053 -0.2564278 -0.5068871 0.8228762
374.000000 0.4830365 -0.5468209 -0.1461675 -0.0138004 -0.2669010 -0.5171052 0.8131271
379.000000 0.5478120 -0.5727652 -0.0496581 -0.0722533 -0.3278223 -0.4655675 0.8188766
382.000000 0.6062400 -0.5959952 -0.0008997 -0.0951677 -0.3579973 -0.4375853 0.8193291
385.000000 0.6750883 -0.6170836 0.0401041 -0.0963660 -0.3831343 -0.4076631 0.8232450
388.000000 0.7486972 -0.6371944 0.0853287 -0.0987897 -0.4110689 -0.3756246 0.8247237
391.000000 0.8203835 -0.6493809 0.1307591 -0.0930585 -0.4299496 -0.3469518 0.8283163
395.000000 0.9314744 -0.6581271 0.2008815 -0.0645800 -0.4353070 -0.3257688 0.8367867
403.000000 1.1162355 -0.6403564 0.2510036 -0.0821947 -0.4481918 -0.3333096 0.8253925
406.000000 1.1804225 -0.6805303 0.2723634 -0.0720656 -0.4470692 -0.3578619 0.8166214
408.000000 1.2010331 -0.7014770 0.2712398 -0.0705955 -0.4339701 -0.3715544 0.8177002
411.000000 1.2618062 -0.7215031 0.2855060 -0.0682023 -0.4471574 -0.3759573 0.8087366
413.000000 1.2959794 -0.7401751 0.3084084 -0.0693517 -0.4441072 -0.3785439 0.8091129
418.000000 1.3649266 -0.7876239 0.3681493 -0.0706324 -0.4438970 -0.4074565 0.7949502
420.000000 1.3859100 -0.8073789 0.3881832 -0.0589597 -0.4497451 -0.4157259 0.7883052
422.000000 1.4049031 -0.8231747 0.4070882 -0.0658498 -0.4571794 -0.4183458 0.7820726
424.000000 1.4275991 -0.8408517 0.4236950 -0.0712221 -0.4807493 -0.4154742 0.7688879
434.000000 1.5119524 -0.9340083 0.5163113 -0.0649515 -0.5280073 -0.4455074 0.7200783
436.000000 1.5308759 -0.9494660 0.5328320 -0.0610173 -0.5396006 -0.4504908 0.7086369
438.000000 1.5511069 -0.9643662 0.5478573 -0.0695238 -0.5480221 -0.4562025 0.6976514
448.000000 1.5837693 -1.0574244 0.6420371 -0.0773664 -0.5859646 -0.4631844 0.6603939
452.000000 1.5511959 -1.0806701 0.6838059 -0.0648662 -0.6039449 -0.4541970 0.6517270
454.000000 1.5330698 -1.0867357 0.7068622 -0.0634315 -0.6183652 -0.4490290 0.6418519
458.000000 1.4726788 -1.1023934 0.7599178 -0.0566125 -0.6328664 -0.4485815 0.6285298
462.000000 1.4151256 -1.1166143 0.8141448 -0.0552922 -0.6430109 -0.4520977 0.6157008
464.000000 1.3765258 -1.1366974 0.8391101 -0.0606698 -0.6417610 -0.4534089 0.6155342
466.000000 1.3355013 -1.1606644 0.8563126 -0.0635426 -0.6386276 -0.4549741 0.6173456
468.000000 1.3140535 -1.1735590 0.8723911 -0.0631479 -0.6366693 -0.4511593 0.6221895
470.000000 1.2760859 -1.1979805 0.8797285 -0.0720522 -0.6339817 -0.4536612 0.6221472
472.000000 1.2396175 -1.2192427 0.8822843 -0.0734797 -0.6296279 -0.4616933 0.6204907
474.000000 1.2172532 -1.2362726 0.8762771 -0.0602426 -0.6329584 -0.4686005 0.6133091
