210.000000 0.0000000 0.0000000 0.0000000 0.0000000 0.0000000 0.0000000 1.0000000
212.000000 -0.0408821 0.0087159 -0.0069199 -0.0030657 0.0038418 -0.0057642 0.9999713
218.000000 -0.1465098 -0.0039604 -0.0086728 -0.0227861 0.0087370 0.0098797 0.9996533
219.000000 -0.1686339 -0.0076046 -0.0111865 -0.0246461 0.0080477 0.0161163 0.9995340
220.000000 -0.1833434 -0.0145936 -0.0094759 -0.0268943 -0.0001786 0.0275340 0.9992590
232.000000 -0.2893563 -0.0620769 0.0409240 -0.0189448 0.0886764 0.0811791 0.9925662
233.000000 -0.3003959 -0.0700437 0.0458797 -0.0224878 0.1025648 0.0837229 0.9909416
241.000000 -0.3926539 -0.0941616 0.0910007 -0.0267303 0.1644180 0.0761690 0.9830822
249.000000 -0.4616283 -0.1437010 0.1576220 -0.0404014 0.1921881 0.0690805 0.9780896
259.000000 -0.4888272 -0.1907976 0.2345969 -0.0393211 0.2014147 0.0364141 0.9780388
261.000000 -0.4850083 -0.2042425 0.2455260 -0.0488885 0.2040101 0.0379676 0.9770098
263.000000 -0.4731846 -0.2066836 0.2432617 -0.0428303 0.2015389 0.0333389 0.9779755
270.000000 -0.4196788 -0.1938506 0.2284344 -0.0438050 0.2252777 0.0457147 0.9722351
272.000000 -0.3993694 -0.1789771 0.2194317 -0.0413605 0.2341823 0.0581831 0.9695683
295.000000 -0.3288966 0.0206847 0.1389276 -0.1746968 0.2085913 0.0540788 0.9607529
298.000000 -0.3264638 0.0404579 0.1134695 -0.1713853 0.1929708 0.0197337 0.9659192
304.000000 -0.2634949 0.0724888 0.0364775 -0.1786123 0.1486424 -0.0194529 0.9724324
310.000000 -0.1911733 0.0749486 -0.0300404 -0.1608098 0.1048375 -0.0581737 0.9796761
314.000000 -0.1341659 0.0735460 -0.0676791 -0.1473427 0.0834546 -0.0828169 0.9820727
326.000000 0.0560420 0.0065938 -0.1277454 -0.1317075 0.0400431 -0.1038131 0.9850241
330.000000 0.1207047 -0.0459068 -0.1521008 -0.1176905 0.0305987 -0.1230612 0.9849206
332.000000 0.1465030 -0.0868295 -0.1655958 -0.1160807 0.0272685 -0.1438610 0.9823878
338.000000 0.2029188 -0.1825791 -0.2143386 -0.1024302 0.0045542 -0.1871415 0.9769675
340.000000 0.2113815 -0.2066710 -0.2338907 -0.0924834 0.0017048 -0.1996956 0.9754822
342.000000 0.2085162 -0.2380147 -0.2511983 -0.0844958 -0.0124587 -0.2034128 0.9753607
344.000000 0.2262987 -0.2434939 -0.2733080 -0.0725302 -0.0452272 -0.2035487 0.9753265
347.000000 0.2600549 -0.2937228 -0.2843032 -0.0811207 -0.0933007 -0.2143029 0.9689111
350.000000 0.2966643 -0.3395138 -0.3015639 -0.0733957 -0.1116069 -0.2371178 0.9622537
352.000000 0.3253928 -0.3649723 -0.3170761 -0.0671602 -0.1193603 -0.2495931 0.9586167
354.000000 0.3486549 -0.4336748 -0.3253874 -0.0718065 -0.1255159 -0.2697791 0.9520025
356.000000 0.3653793 -0.4721487 -0.3443246 -0.0433393 -0.1137888 -0.2871343 0.9501199
360.000000 0.3666782 -0.4985238 -0.3632166 0.0253343 -0.1252637 -0.3441314 0.9301832
362.000000 0.3768439 -0.5025106 -0.3627213 0.0374673 -0.1616196 -0.3646538 0.9162439
364.000000 0.3914138 -0.5331186 -0.3333081 0.0302583 -0.1944100 -0.4008865 0.8947509
368.000000 0.4086041 -0.5565299 -0.2801858 0.0601239 -0.2227013 -0.4592979 0.8578081
370.000000 0.4591619 -0.5300073 -0.2329192 0.0469241 -0.2448201 -0.4875703 0.8367416
372.000000 0.4660301 -0.5391299 -0.1883259 0.0136053 -0.2564278 -0.5068871 0.8228762
374.000000 0.4830365 -0.5468209 -0.1461675 -0.0138004 -0.2669010 -0.5171052 0.8131271
379.000000 0.5484292 -0.5729766 -0.0490323 -0.0722505 -0.3281218 -0.4654166 0.8188427
382.000000 0.6071517 -0.5967013 -0.0002069 -0.0953072 -0.3584571 -0.4373014 0.8192634
385.000000 0.6757237 -0.6178573 0.0406644 -0.0966008 -0.3834823 -0.4074011 0.8231852
388.000000 0.7486542 -0.6378777 0.0852566 -0.0990499 -0.4110926 -0.3755603 0.8247099
395.000000 0.9310421 -0.6577778 0.2007656 -0.0644627 -0.4352062 -0.3258498 0.8368166
403.000000 1.1161885 -0.6403835 0.2504798 -0.0822951 -0.4481044 -0.3331498 0.8254945
406.000000 1.1806567 -0.6809494 0.2712931 -0.0722592 -0.4468453 -0.3577423 0.8167792
408.000000 1.2015332 -0.7020481 0.2702211 -0.0708559 -0.4337787 -0.3713881 0.8178547
411.000000 1.2622278 -0.7222974 0.2842631 -0.0685424 -0.4469025 -0.3758055 0.8089193
413.000000 1.2963289 -0.7413629 0.3068542 -0.0698529 -0.4437049 -0.3784894 0.8093160
418.000000 1.3661616 -0.7889884 0.3666359 -0.0710270 -0.4436107 -0.4072968 0.7951566
420.000000 1.3871137 -0.8086747 0.3866110 -0.0593309 -0.4494183 -0.4155726 0.7885445
422.000000 1.4062203 -0.8245404 0.4056591 -0.0662483 -0.4568803 -0.4181492 0.7823189
424.000000 1.4292274 -0.8422397 0.4224541 -0.0715523 -0.4805366 -0.4152276 0.7691234
434.000000 1.5143657 -0.9361060 0.5151402 -0.0653107 -0.5278121 -0.4452978 0.7203186
436.000000 1.5330678 -0.9514780 0.5316893 -0.0613504 -0.5393777 -0.4503446 0.7088706
438.000000 1.5537477 -0.9666505 0.5467499 -0.0698313 -0.5478525 -0.4560074 0.6978815
448.000000 1.5873260 -1.0603150 0.6418729 -0.0775431 -0.5860661 -0.4629156 0.6604716
452.000000 1.5544670 -1.0838842 0.6844514 -0.0652066 -0.6042290 -0.4537842 0.6517172
454.000000 1.5361909 -1.0897667 0.7072847 -0.0636876 -0.6185134 -0.4487187 0.6419008
458.000000 1.4760238 -1.1046743 0.7602934 -0.0566236 -0.6329344 -0.4481110 0.6287960
462.000000 1.4181430 -1.1194808 0.8143163 -0.0553355 -0.6430293 -0.4518428 0.6158648
468.000000 1.3165160 -1.1775423 0.8726337 -0.0635135 -0.6366249 -0.4511018 0.6222394
470.000000 1.2789192 -1.2031388 0.8788465 -0.0721995 -0.6336631 -0.4539632 0.6222345
474.000000 1.2196959 -1.2423965 0.8748164 -0.0604142 -0.6326640 -0.4689468 0.6133314
476.000000 1.1845374 -1.2612671 0.8596165 -0.0684630 -0.6305311 -0.4763559 0.6089568
478.000000 1.1544259 -1.2762892 0.8491430 -0.0656778 -0.6413250 -0.4745687 0.5993106
481.000000 1.1081665 -1.2963629 0.8371948 -0.0554908 -0.6516079 -0.4766323 0.5874943
483.000000 1.0908722 -1.3010709 0.8434898 -0.0510221 -0.6496447 -0.4808172 0.5866629
485.000000 1.0783129 -1.2986946 0.8393688 -0.0563418 -0.6376075 -0.4835470 0.5970466
487.000000 1.0634246 -1.2955880 0.8354348 -0.0765922 -0.6197663 -0.5081041 0.5931724
490.000000 1.0304315 -1.2930882 0.8489199 -0.0915551 -0.6022921 -0.5449108 0.5761372
