210.000000 0.0000000 0.0000000 0.0000000 0.0000000 0.0000000 0.0000000 1.0000000
212.000000 -0.0408821 0.0087159 -0.0069199 -0.0030657 0.0038418 -0.0057642 0.9999713
218.000000 -0.1465098 -0.0039604 -0.0086728 -0.0227861 0.0087370 0.0098797 0.9996533
219.000000 -0.1686339 -0.0076046 -0.0111865 -0.0246461 0.0080477 0.0161163 0.9995340
220.000000 -0.1833434 -0.0145936 -0.0094759 -0.0268943 -0.0001786 0.0275340 0.9992590
232.000000 -0.2893563 -0.0620769 0.0409240 -0.0189448 0.0886764 0.0811791 0.9925662
233.000000 -0.3003959 -0.0700437 0.0458797 -0.0224878 0.1025648 0.0837229 0.9909416
241.000000 -0.3926539 -0.0941616 0.0910007 -0.0267303 0.1644180 0.0761690 0.9830822
249.000000 -0.4616283 -0.1437010 0.1576220 -0.0404014 0.1921881 0.0690805 0.9780896
259.000000 -0.4888272 -0.1907976 0.2345969 -0.0393211 0.2014147 0.0364141 0.9780388
261.000000 -0.4850083 -0.2042425 0.2455260 -0.0488885 0.2040101 0.0379676 0.9770098
263.000000 -0.4731846 -0.2066836 0.2432617 -0.0428303 0.2015389 0.0333389 0.9779755
270.000000 -0.4196788 -0.1938506 0.2284344 -0.0438050 0.2252777 0.0457147 0.9722351
272.000000 -0.3993694 -0.1789771 0.2194317 -0.0413605 0.2341823 0.0581831 0.9695683
295.000000 -0.3288966 0.0206847 0.1389276 -0.1746968 0.2085913 0.0540788 0.9607529
298.000000 -0.3264638 0.0404579 0.1134695 -0.1713853 0.1929708 0.0197337 0.9659192
304.000000 -0.2634949 0.0724888 0.0364775 -0.1786123 0.1486424 -0.0194529 0.9724324
310.000000 -0.1911733 0.0749486 -0.0300404 -0.1608098 0.1048375 -0.0581737 0.9796761
314.000000 -0.1341659 0.0735460 -0.0676791 -0.1473427 0.0834546 -0.0828169 0.9820727
326.000000 0.0560420 0.0065938 -0.1277454 -0.1317075 0.0400431 -0.1038131 0.9850241
330.000000 0.1207047 -0.0459068 -0.1521008 -0.1176905 0.0305987 -0.1230612 0.9849206
332.000000 0.1465030 -0.0868295 -0.1655958 -0.1160807 0.0272685 -0.1438610 0.9823878
338.000000 0.2029188 -0.1825791 -0.2143386 -0.1024302 0.0045542 -0.1871415 0.9769675
340.000000 0.2113815 -0.2066710 -0.2338907 -0.0924834 0.0017048 -0.1996956 0.9754822
342.000000 0.2085162 -0.2380147 -0.2511983 -0.0844958 -0.0124587 -0.2034128 0.9753607
344.000000 0.2262987 -0.2434939 -0.2733080 -0.0725302 -0.0452272 -0.2035487 0.9753265
347.000000 0.2600549 -0.2937228 -0.2843032 -0.0811207 -0.0933007 -0.2143029 0.9689111
350.000000 0.2966643 -0.3395138 -0.3015639 -0.0733957 -0.1116069 -0.2371178 0.9622537
352.000000 0.3253928 -0.3649723 -0.3170761 -0.0671602 -0.1193603 -0.2495931 0.9586167
354.000000 0.3486549 -0.4336748 -0.3253874 -0.0718065 -0.1255159 -0.2697791 0.9520025
356.000000 0.3653793 -0.4721487 -0.3443246 -0.0433393 -0.1137888 -0.2871343 0.9501199
360.000000 0.3666782 -0.4985238 -0.3632166 0.0253343 -0.1252637 -0.3441314 0.9301832
362.000000 0.3768439 -0.5025106 -0.3627213 0.0374673 -0.1616196 -0.3646538 0.9162439
364.000000 0.3914138 -0.5331186 -0.3333081 0.0302583 -0.1944100 -0.4008865 0.8947509
368.000000 0.4086041 -0.5565299 -0.2801858 0.0601239 -0.2227013 -0.4592979 0.8578081
370.000000 0.4591619 -0.5300073 -0.2329192 0.0469241 -0.2448201 -0.4875703 0.8367416
372.000000 0.4660301 -0.5391299 -0.1883259 0.0136053 -0.2564278 -0.5068871 0.8228762
374.000000 0.4830365 -0.5468209 -0.1461675 -0.0138004 -0.2669010 -0.5171052 0.8131271
379.000000 0.5486234 -0.5732055 -0.0488898 -0.0723161 -0.3282338 -0.4653185 0.8188478
382.000000 0.6072716 -0.5969005 -0.0001080 -0.0954011 -0.3585223 -0.4371831 0.8192871
385.000000 0.6759811 -0.6178985 0.0410111 -0.0966269 -0.3836235 -0.4072642 0.8231842
388.000000 0.7489321 -0.6377089 0.0857061 -0.0990005 -0.4112629 -0.3754421 0.8246847
395.000000 0.9314128 -0.6579535 0.2011992 -0.0645694 -0.4353519 -0.3256609 0.8368061
403.000000 1.1160293 -0.6405758 0.2517074 -0.0824425 -0.4484782 -0.3330485 0.8253177
406.000000 1.1801419 -0.6810416 0.2720398 -0.0725694 -0.4469719 -0.3575237 0.8167782
408.000000 1.2003648 -0.7016441 0.2709550 -0.0709728 -0.4338465 -0.3713912 0.8178073
411.000000 1.2602520 -0.7206225 0.2845951 -0.0684587 -0.4466824 -0.3756999 0.8090969
413.000000 1.2948496 -0.7401978 0.3067816 -0.0697997 -0.4435776 -0.3783559 0.8094528
418.000000 1.3644046 -0.7882544 0.3644732 -0.0709691 -0.4429238 -0.4075562 0.7954118
420.000000 1.3859286 -0.8066986 0.3859979 -0.0590046 -0.4492076 -0.4154236 0.7887675
422.000000 1.4045231 -0.8223039 0.4052286 -0.0661189 -0.4567043 -0.4178075 0.7826150
424.000000 1.4272594 -0.8411705 0.4208975 -0.0717542 -0.4799762 -0.4151458 0.7694986
436.000000 1.5321457 -0.9504086 0.5276045 -0.0612978 -0.5384532 -0.4503323 0.7095855
438.000000 1.5527989 -0.9653373 0.5430694 -0.0697565 -0.5470620 -0.4559340 0.6985566
448.000000 1.5870601 -1.0630953 0.6338817 -0.0785441 -0.5843330 -0.4634970 0.6614804
452.000000 1.5549190 -1.0888249 0.6763606 -0.0664502 -0.6025100 -0.4545668 0.6526371
454.000000 1.5367371 -1.0943754 0.6991995 -0.0647778 -0.6167756 -0.4495675 0.6428692
458.000000 1.4772141 -1.1096709 0.7520094 -0.0577398 -0.6311698 -0.4489925 0.6298385
462.000000 1.4197874 -1.1250960 0.8062249 -0.0564628 -0.6412566 -0.4528010 0.6169061
470.000000 1.2812835 -1.2088953 0.8683317 -0.0724767 -0.6312317 -0.4555078 0.6235434
476.000000 1.1873977 -1.2658532 0.8478441 -0.0682550 -0.6278772 -0.4778661 0.6105371
478.000000 1.1576616 -1.2811046 0.8382250 -0.0654575 -0.6389772 -0.4760065 0.6007006
481.000000 1.1120570 -1.3016566 0.8254657 -0.0551856 -0.6490648 -0.4782091 0.5890548
483.000000 1.0950439 -1.3085644 0.8313999 -0.0508821 -0.6470028 -0.4826606 0.5880792
490.000000 1.0310903 -1.2996696 0.8352824 -0.0918811 -0.5986492 -0.5475264 0.5774010
493.000000 0.9982433 -1.2810333 0.8327351 -0.0916960 -0.5696442 -0.5745128 0.5805449
499.000000 0.9529369 -1.2455821 0.8685867 -0.0863215 -0.5333022 -0.6086621 0.5810919
501.000000 0.9459904 -1.2139599 0.8770475 -0.0744827 -0.5208979 -0.6185872 0.5834960
503.000000 0.9454991 -1.1910862 0.8964230 -0.0825000 -0.5198017 -0.6206235 0.5812284
506.000000 0.9346834 -1.1569473 0.9165971 -0.1015491 -0.5040364 -0.6319045 0.5799412
512.000000 0.9460549 -1.0644032 0.9441589 -0.1295691 -0.4789560 -0.6366517 0.5903284
514.000000 0.9562305 -1.0238266 0.9457883 -0.1379272 -0.4763809 -0.6337036 0.5936810
517.000000 0.9710670 -0.9744272 0.9369030 -0.1473784 -0.4771556 -0.6314506 0.5931882
520.000000 0.9904040 -0.9287553 0.9204947 -0.1546005 -0.4727713 -0.6307681 0.5955817
523.000000 1.0107605 -0.8848560 0.8973085 -0.1652410 -0.4685475 -0.6265068 0.6005396
526.000000 1.0266271 -0.8441200 0.8724823 -0.1819685 -0.4575157 -0.6265233 0.6041816
532.000000 1.0516077 -0.7744294 0.8156886 -0.1935093 -0.4567867 -0.6218041 0.6060196
535.000000 1.0561074 -0.7483904 0.7910975 -0.2010075 -0.4515901 -0.6186810 0.6106523
538.000000 1.0572677 -0.7214040 0.7690281 -0.2081401 -0.4480817 -0.6137013 0.6158499
541.000000 1.0565214 -0.6999214 0.7501826 -0.2094599 -0.4399314 -0.6062242 0.6285532
544.000000 1.0530761 -0.6846495 0.7283018 -0.2079044 -0.4474307 -0.5912691 0.6379517
