210.000000 0.0000000 0.0000000 0.0000000 0.0000000 0.0000000 0.0000000 1.0000000
211.000000 -0.0230895 0.0060707 -0.0023957 0.0011394 0.0028449 -0.0024760 0.9999923
212.000000 -0.0480025 0.0121109 -0.0048573 -0.0014324 0.0060849 -0.0051113 0.9999674
214.000000 -0.0907968 0.0084740 -0.0035207 -0.0112362 0.0067491 -0.0010430 0.9999136
215.000000 -0.1104836 0.0121344 -0.0023637 -0.0121791 0.0080801 0.0017654 0.9998916
217.000000 -0.1477982 0.0022496 0.0020578 -0.0207205 0.0130201 0.0084859 0.9996645
218.000000 -0.1708786 0.0017499 0.0034991 -0.0196563 0.0168701 0.0102167 0.9996123
219.000000 -0.1953230 -0.0004605 0.0047405 -0.0205388 0.0169215 0.0164000 0.9995113
220.000000 -0.2141208 -0.0099401 0.0068832 -0.0235074 0.0101135 0.0284317 0.9992681
223.000000 -0.2439068 -0.0183233 0.0276129 -0.0272356 -0.0030338 0.0495570 0.9983953
224.000000 -0.2523265 -0.0240157 0.0339345 -0.0232532 0.0032895 0.0502377 0.9984611
