210.000000 0.0000000 0.0000000 0.0000000 0.0000000 0.0000000 0.0000000 1.0000000
211.000000 -0.0209664 0.0040046 -0.0046219 0.0000912 0.0020720 -0.0026947 0.9999942
212.000000 -0.0421136 0.0087260 -0.0074128 -0.0030782 0.0039225 -0.0053649 0.9999732
218.000000 -0.1508874 -0.0043945 -0.0089385 -0.0229196 0.0091718 0.0101473 0.9996437
219.000000 -0.1736768 -0.0084712 -0.0116952 -0.0248848 0.0084982 0.0165287 0.9995176
220.000000 -0.1889825 -0.0164366 -0.0097044 -0.0274312 0.0003718 0.0283598 0.9992213
232.000000 -0.2988505 -0.0649825 0.0426918 -0.0195250 0.0901274 0.0815325 0.9923952
233.000000 -0.3107091 -0.0735204 0.0479719 -0.0232371 0.1043324 0.0840441 0.9907126
241.000000 -0.4053339 -0.0978551 0.0952303 -0.0273693 0.1665262 0.0764071 0.9826912
249.000000 -0.4763098 -0.1486085 0.1645781 -0.0412036 0.1948156 0.0692136 0.9775268
259.000000 -0.5037982 -0.1959835 0.2438138 -0.0399749 0.2041290 0.0362464 0.9774557
261.000000 -0.4999041 -0.2100925 0.2550067 -0.0497219 0.2067501 0.0379017 0.9763942
263.000000 -0.4877855 -0.2126281 0.2524122 -0.0437227 0.2042242 0.0332152 0.9773830
270.000000 -0.4332119 -0.1994739 0.2366867 -0.0445839 0.2278996 0.0455685 0.9715953
272.000000 -0.4118042 -0.1843171 0.2272386 -0.0421691 0.2364330 0.0581462 0.9689893
295.000000 -0.3390680 0.0203910 0.1433131 -0.1750297 0.2099592 0.0545177 0.9603695
298.000000 -0.3364273 0.0409123 0.1170523 -0.1715837 0.1941511 0.0200801 0.9656403
304.000000 -0.2717624 0.0734913 0.0375171 -0.1789826 0.1495310 -0.0190434 0.9722361
310.000000 -0.1972566 0.0761783 -0.0310509 -0.1610971 0.1054277 -0.0577870 0.9795884
314.000000 -0.1383690 0.0746249 -0.0699244 -0.1476500 0.0837172 -0.0822961 0.9820480
326.000000 0.0578513 0.0068353 -0.1306208 -0.1316075 0.0397530 -0.1036226 0.9850693
330.000000 0.1240185 -0.0467183 -0.1552553 -0.1175107 0.0303147 -0.1230644 0.9849505
332.000000 0.1504185 -0.0881734 -0.1687153 -0.1157114 0.0271252 -0.1438077 0.9824431
338.000000 0.2090874 -0.1859350 -0.2182172 -0.1019197 0.0039243 -0.1872080 0.9770108
340.000000 0.2178331 -0.2102809 -0.2380816 -0.0918848 0.0011034 -0.1996452 0.9755500
342.000000 0.2149160 -0.2437712 -0.2561591 -0.0845611 -0.0131990 -0.2031922 0.9753913
344.000000 0.2325999 -0.2509106 -0.2790621 -0.0732723 -0.0457932 -0.2032546 0.9753060
347.000000 0.2677593 -0.3018271 -0.2896630 -0.0815620 -0.0942161 -0.2143381 0.9687777
350.000000 0.3056660 -0.3494134 -0.3071731 -0.0740524 -0.1126740 -0.2369856 0.9621115
352.000000 0.3354303 -0.3762071 -0.3231079 -0.0680405 -0.1206111 -0.2493546 0.9584601
354.000000 0.3619625 -0.4507346 -0.3295015 -0.0738479 -0.1279187 -0.2691480 0.9517052
356.000000 0.3786837 -0.4892614 -0.3479680 -0.0454009 -0.1162189 -0.2864102 0.9499480
358.000000 0.3804321 -0.5150121 -0.3612657 -0.0038492 -0.1137815 -0.3112219 0.9434934
360.000000 0.3796998 -0.5162243 -0.3674442 0.0235436 -0.1275882 -0.3432756 0.9302305
