210.000000 0.0000000 0.0000000 0.0000000 0.0000000 0.0000000 0.0000000 1.0000000
212.000000 -0.0408821 0.0087159 -0.0069199 -0.0030657 0.0038418 -0.0057642 0.9999713
218.000000 -0.1465098 -0.0039604 -0.0086728 -0.0227861 0.0087370 0.0098797 0.9996533
219.000000 -0.1686339 -0.0076046 -0.0111865 -0.0246461 0.0080477 0.0161163 0.9995340
220.000000 -0.1833434 -0.0145936 -0.0094759 -0.0268943 -0.0001786 0.0275340 0.9992590
232.000000 -0.2893563 -0.0620769 0.0409240 -0.0189448 0.0886764 0.0811791 0.9925662
233.000000 -0.3003959 -0.0700437 0.0458797 -0.0224878 0.1025648 0.0837229 0.9909416
241.000000 -0.3926539 -0.0941616 0.0910007 -0.0267303 0.1644180 0.0761690 0.9830822
249.000000 -0.4616283 -0.1437010 0.1576220 -0.0404014 0.1921881 0.0690805 0.9780896
259.000000 -0.4888272 -0.1907976 0.2345969 -0.0393211 0.2014147 0.0364141 0.9780388
261.000000 -0.4850083 -0.2042425 0.2455260 -0.0488885 0.2040101 0.0379676 0.9770098
263.000000 -0.4731846 -0.2066836 0.2432617 -0.0428303 0.2015389 0.0333389 0.9779755
270.000000 -0.4196788 -0.1938506 0.2284344 -0.0438050 0.2252777 0.0457147 0.9722351
272.000000 -0.3993694 -0.1789771 0.2194317 -0.0413605 0.2341823 0.0581831 0.9695683
295.000000 -0.3288966 0.0206847 0.1389276 -0.1746968 0.2085913 0.0540788 0.9607529
298.000000 -0.3264638 0.0404579 0.1134695 -0.1713853 0.1929708 0.0197337 0.9659192
304.000000 -0.2634949 0.0724888 0.0364775 -0.1786123 0.1486424 -0.0194529 0.9724324
310.000000 -0.1911733 0.0749486 -0.0300404 -0.1608098 0.1048375 -0.0581737 0.9796761
314.000000 -0.1341659 0.0735460 -0.0676791 -0.1473427 0.0834546 -0.0828169 0.9820727
326.000000 0.0560420 0.0065938 -0.1277454 -0.1317075 0.0400431 -0.1038131 0.9850241
330.000000 0.1207047 -0.0459068 -0.1521008 -0.1176905 0.0305987 -0.1230612 0.9849206
332.000000 0.1465030 -0.0868295 -0.1655958 -0.1160807 0.0272685 -0.1438610 0.9823878
338.000000 0.2029188 -0.1825791 -0.2143386 -0.1024302 0.0045542 -0.1871415 0.9769675
340.000000 0.2113815 -0.2066710 -0.2338907 -0.0924834 0.0017048 -0.1996956 0.9754822
342.000000 0.2085162 -0.2380147 -0.2511983 -0.0844958 -0.0124587 -0.2034128 0.9753607
344.000000 0.2262987 -0.2434939 -0.2733080 -0.0725302 -0.0452272 -0.2035487 0.9753265
347.000000 0.2600549 -0.2937228 -0.2843032 -0.0811207 -0.0933007 -0.2143029 0.9689111
350.000000 0.2966643 -0.3395138 -0.3015639 -0.0733957 -0.1116069 -0.2371178 0.9622537
352.000000 0.3253928 -0.3649723 -0.3170761 -0.0671602 -0.1193603 -0.2495931 0.9586167
354.000000 0.3486549 -0.4336748 -0.3253874 -0.0718065 -0.1255159 -0.2697791 0.9520025
356.000000 0.3653793 -0.4721487 -0.3443246 -0.0433393 -0.1137888 -0.2871343 0.9501199
360.000000 0.3666782 -0.4985238 -0.3632166 0.0253343 -0.1252637 -0.3441314 0.9301832
362.000000 0.3768439 -0.5025106 -0.3627213 0.0374673 -0.1616196 -0.3646538 0.9162439
364.000000 0.3914138 -0.5331186 -0.3333081 0.0302583 -0.1944100 -0.4008865 0.8947509
368.000000 0.4086041 -0.5565299 -0.2801858 0.0601239 -0.2227013 -0.4592979 0.8578081
370.000000 0.4591619 -0.5300073 -0.2329192 0.0469241 -0.2448201 -0.4875703 0.8367416
372.000000 0.4660301 -0.5391299 -0.1883259 0.0136053 -0.2564278 -0.5068871 0.8228762
374.000000 0.4830365 -0.5468209 -0.1461675 -0.0138004 -0.2669010 -0.5171052 0.8131271
379.000000 0.5478120 -0.5727652 -0.0496581 -0.0722533 -0.3278223 -0.4655675 0.8188766
382.000000 0.6069187 -0.5966949 -0.0002896 -0.0953108 -0.3584202 -0.4374056 0.8192235
385.000000 0.6758730 -0.6177177 0.0407196 -0.0964892 -0.3835551 -0.4074570 0.8231367
388.000000 0.7495903 -0.6377027 0.0862238 -0.0988832 -0.4115402 -0.3754123 0.8245741
391.000000 0.8212169 -0.6499064 0.1314808 -0.0931599 -0.4303563 -0.3467343 0.8281848
395.000000 0.9323488 -0.6581844 0.2014813 -0.0644379 -0.4356580 -0.3256707 0.8366531
403.000000 1.1173924 -0.6404309 0.2516261 -0.0820865 -0.4485217 -0.3331818 0.8252757
406.000000 1.1819372 -0.6807536 0.2729253 -0.0719275 -0.4474126 -0.3576943 0.8165189
408.000000 1.2027874 -0.7016683 0.2720025 -0.0704393 -0.4343740 -0.3713498 0.8175921
411.000000 1.2636969 -0.7218115 0.2863209 -0.0680293 -0.4476014 -0.3757623 0.8085961
413.000000 1.2980094 -0.7402788 0.3095058 -0.0690807 -0.4446124 -0.3783641 0.8089427
418.000000 1.3671176 -0.7879027 0.3693695 -0.0703530 -0.4443857 -0.4072864 0.7947890
420.000000 1.3880956 -0.8076367 0.3896059 -0.0587085 -0.4502160 -0.4155087 0.7881697
422.000000 1.4069712 -0.8232586 0.4086248 -0.0655766 -0.4576232 -0.4181272 0.7819529
424.000000 1.4298749 -0.8408798 0.4254893 -0.0708617 -0.4812863 -0.4152356 0.7687142
434.000000 1.5146348 -0.9342307 0.5188709 -0.0645437 -0.5287008 -0.4452073 0.7197917
436.000000 1.5331535 -0.9495429 0.5353816 -0.0606014 -0.5402122 -0.4502835 0.7083383
438.000000 1.5535975 -0.9644351 0.5505644 -0.0690063 -0.5486951 -0.4559894 0.6973130
448.000000 1.5866764 -1.0578606 0.6458301 -0.0768834 -0.5869018 -0.4628164 0.6598759
452.000000 1.5537958 -1.0807350 0.6878116 -0.0643494 -0.6049181 -0.4537280 0.6512021
454.000000 1.5353644 -1.0865517 0.7105675 -0.0628676 -0.6192095 -0.4486290 0.6413729
458.000000 1.4749070 -1.1019469 0.7632335 -0.0559997 -0.6335517 -0.4481336 0.6282137
462.000000 1.4170758 -1.1152803 0.8176105 -0.0544087 -0.6437419 -0.4515811 0.6153946
464.000000 1.3789365 -1.1362464 0.8419371 -0.0599240 -0.6423606 -0.4529570 0.6153145
466.000000 1.3379481 -1.1603577 0.8585622 -0.0627385 -0.6391057 -0.4546005 0.6172084
468.000000 1.3160802 -1.1733526 0.8744953 -0.0623743 -0.6371300 -0.4509710 0.6219324
470.000000 1.2785314 -1.1986707 0.8813558 -0.0713170 -0.6343580 -0.4535823 0.6219059
472.000000 1.2424526 -1.2210765 0.8836516 -0.0727057 -0.6300321 -0.4616706 0.6201884
474.000000 1.2197706 -1.2374039 0.8780594 -0.0596410 -0.6334275 -0.4683236 0.6130950
476.000000 1.1844158 -1.2556261 0.8626570 -0.0676609 -0.6312455 -0.4756258 0.6088770
478.000000 1.1546025 -1.2704262 0.8528730 -0.0647576 -0.6422614 -0.4736164 0.5991613
481.000000 1.1097413 -1.2900360 0.8407667 -0.0544371 -0.6524240 -0.4752526 0.5878049
