210.000000 0.0000000 0.0000000 0.0000000 0.0000000 0.0000000 0.0000000 1.0000000
211.000000 -0.0213940 0.0051898 -0.0030678 0.0008011 0.0022803 -0.0025267 0.9999939
212.000000 -0.0443775 0.0104444 -0.0061075 -0.0021061 0.0048485 -0.0049816 0.9999736
214.000000 -0.0847012 0.0057725 -0.0066166 -0.0124877 0.0047954 -0.0009724 0.9999101
218.000000 -0.1600858 -0.0024871 -0.0030471 -0.0217919 0.0131449 0.0105319 0.9996206
219.000000 -0.1838258 -0.0056379 -0.0041719 -0.0232049 0.0128527 0.0169190 0.9995049
220.000000 -0.2010118 -0.0140004 -0.0022589 -0.0257962 0.0054297 0.0290160 0.9992313
224.000000 -0.2362254 -0.0300829 0.0220616 -0.0265755 -0.0025672 0.0517503 0.9983031
228.000000 -0.2782809 -0.0467548 0.0419163 -0.0170282 0.0386250 0.0574820 0.9974537
230.000000 -0.2923238 -0.0537561 0.0522773 -0.0120345 0.0636310 0.0658393 0.9957266
232.000000 -0.3154625 -0.0599725 0.0616474 -0.0163694 0.0987519 0.0804138 0.9917226
233.000000 -0.3274610 -0.0676815 0.0687786 -0.0195872 0.1132018 0.0832531 0.9898841
235.000000 -0.3489291 -0.0751432 0.0805597 -0.0181803 0.1360688 0.0848797 0.9868891
236.000000 -0.3632061 -0.0767439 0.0864449 -0.0154265 0.1467595 0.0837586 0.9854990
237.000000 -0.3787026 -0.0766315 0.0930215 -0.0153156 0.1551300 0.0840698 0.9841912
