210.000000 0.0000000 0.0000000 0.0000000 0.0000000 0.0000000 0.0000000 1.0000000
211.000000 -0.0205415 0.0045348 -0.0036334 0.0004841 0.0020467 -0.0026702 0.9999942
212.000000 -0.0417634 0.0094958 -0.0065352 -0.0025458 0.0039653 -0.0051993 0.9999754
214.000000 -0.0797758 0.0048845 -0.0077629 -0.0129593 0.0031684 -0.0010426 0.9999105
218.000000 -0.1508450 -0.0039943 -0.0066452 -0.0226984 0.0099987 0.0104841 0.9996374
219.000000 -0.1739187 -0.0076726 -0.0093029 -0.0244022 0.0094459 0.0170244 0.9995126
220.000000 -0.1898490 -0.0158435 -0.0073041 -0.0270300 0.0015259 0.0291300 0.9992089
228.000000 -0.2642193 -0.0469150 0.0329641 -0.0177741 0.0335591 0.0576652 0.9976134
232.000000 -0.3001611 -0.0602657 0.0500633 -0.0173976 0.0929924 0.0809523 0.9922180
233.000000 -0.3118288 -0.0685930 0.0559449 -0.0209644 0.1072541 0.0835416 0.9904937
241.000000 -0.4039949 -0.0919675 0.1039896 -0.0249397 0.1694071 0.0759711 0.9822971
249.000000 -0.4722642 -0.1397017 0.1738110 -0.0378795 0.1975069 0.0680712 0.9772013
259.000000 -0.4983268 -0.1858459 0.2507914 -0.0364611 0.2066329 0.0348782 0.9771166
261.000000 -0.4946471 -0.1993225 0.2617207 -0.0459966 0.2093503 0.0364998 0.9760761
263.000000 -0.4829488 -0.2018370 0.2592377 -0.0400076 0.2068751 0.0319558 0.9770266
270.000000 -0.4300252 -0.1894858 0.2433953 -0.0410191 0.2305851 0.0444987 0.9711683
272.000000 -0.4090695 -0.1735754 0.2340179 -0.0379932 0.2391229 0.0571033 0.9685639
276.000000 -0.3676724 -0.1244992 0.2150388 -0.0479634 0.2567560 0.0873651 0.9613237
279.000000 -0.3568567 -0.1056029 0.2114598 -0.0694387 0.2576721 0.1242101 0.9556962
281.000000 -0.3499197 -0.0950253 0.2066932 -0.0805342 0.2585851 0.1396414 0.9524433
283.000000 -0.3436461 -0.0759495 0.1983099 -0.0869760 0.2598405 0.1387726 0.9516618
285.000000 -0.3459297 -0.0629855 0.1971362 -0.1010650 0.2618706 0.1312821 0.9507758
288.000000 -0.3462824 -0.0300220 0.1908945 -0.1207810 0.2588898 0.1108473 0.9518933
291.000000 -0.3465520 0.0001323 0.1798766 -0.1505909 0.2418278 0.0906240 0.9542688
293.000000 -0.3474635 0.0082296 0.1702032 -0.1686122 0.2269692 0.0786175 0.9559677
