210.000000 0.0000000 0.0000000 0.0000000 0.0000000 0.0000000 0.0000000 1.0000000
211.000000 -0.0196528 0.0048770 -0.0029463 0.0006488 0.0016814 -0.0026732 0.9999948
212.000000 -0.0406398 0.0099316 -0.0057903 -0.0023018 0.0035349 -0.0051494 0.9999778
214.000000 -0.0773925 0.0058783 -0.0063013 -0.0124501 0.0023207 -0.0014003 0.9999188
218.000000 -0.1461319 -0.0018927 -0.0040597 -0.0217048 0.0084636 0.0097374 0.9996812
219.000000 -0.1679686 -0.0044628 -0.0053865 -0.0229090 0.0075415 0.0160270 0.9995806
220.000000 -0.1829394 -0.0122991 -0.0036359 -0.0255249 -0.0007692 0.0280950 0.9992790
228.000000 -0.2553273 -0.0424238 0.0361309 -0.0160741 0.0304494 0.0563445 0.9978175
232.000000 -0.2900463 -0.0549947 0.0532236 -0.0154322 0.0894540 0.0792880 0.9927101
233.000000 -0.3016936 -0.0635104 0.0590335 -0.0191691 0.1037529 0.0822433 0.9910116
239.000000 -0.3664102 -0.0814062 0.0916322 -0.0195832 0.1543222 0.0798064 0.9845974
241.000000 -0.3893286 -0.0843958 0.1058080 -0.0219837 0.1642356 0.0742563 0.9833765
245.000000 -0.4243080 -0.1079784 0.1400115 -0.0393026 0.1851715 0.0649883 0.9797670
247.000000 -0.4410905 -0.1245328 0.1563361 -0.0367407 0.1919624 0.0662591 0.9784735
249.000000 -0.4561791 -0.1300628 0.1728865 -0.0343828 0.1915485 0.0658209 0.9786698
251.000000 -0.4660914 -0.1508615 0.1898654 -0.0364905 0.1929516 0.0615555 0.9785954
253.000000 -0.4734119 -0.1550479 0.2028040 -0.0307361 0.1926100 0.0546632 0.9792694
255.000000 -0.4794412 -0.1632286 0.2170665 -0.0261378 0.1909008 0.0450722 0.9802256
257.000000 -0.4784222 -0.1595160 0.2287706 -0.0227257 0.1949225 0.0353223 0.9799189
