210.000000 0.0000000 0.0000000 0.0000000 0.0000000 0.0000000 0.0000000 1.0000000
211.000000 -0.0200060 0.0047636 -0.0031408 0.0005954 0.0018467 -0.0026831 0.9999945
212.000000 -0.0410095 0.0095170 -0.0061462 -0.0025063 0.0037003 -0.0051114 0.9999769
214.000000 -0.0777966 0.0055809 -0.0066564 -0.0125949 0.0024974 -0.0013223 0.9999167
218.000000 -0.1468695 -0.0023871 -0.0046445 -0.0219556 0.0087224 0.0099406 0.9996715
219.000000 -0.1693303 -0.0054273 -0.0068487 -0.0233714 0.0079891 0.0162510 0.9995629
220.000000 -0.1841415 -0.0128525 -0.0042059 -0.0257687 -0.0002709 0.0282383 0.9992689
228.000000 -0.2566989 -0.0426689 0.0356084 -0.0161249 0.0310631 0.0564258 0.9977931
232.000000 -0.2914037 -0.0557033 0.0524180 -0.0157214 0.0900000 0.0794545 0.9926429
233.000000 -0.3027204 -0.0642015 0.0583608 -0.0194726 0.1041549 0.0823991 0.9909505
239.000000 -0.3679216 -0.0823959 0.0904345 -0.0200428 0.1548135 0.0797833 0.9845129
241.000000 -0.3910779 -0.0850099 0.1044059 -0.0222971 0.1647304 0.0741513 0.9832946
247.000000 -0.4426843 -0.1268073 0.1546520 -0.0376567 0.1923344 0.0668534 0.9783251
249.000000 -0.4580872 -0.1318834 0.1712683 -0.0351397 0.1920219 0.0661889 0.9785253
253.000000 -0.4753820 -0.1569225 0.2014014 -0.0314339 0.1930907 0.0551116 0.9791275
255.000000 -0.4812690 -0.1647202 0.2158144 -0.0266266 0.1913028 0.0454582 0.9801162
257.000000 -0.4804545 -0.1614753 0.2275161 -0.0234555 0.1955420 0.0360133 0.9797531
259.000000 -0.4831540 -0.1769194 0.2456247 -0.0329887 0.2001172 0.0333793 0.9786474
261.000000 -0.4801090 -0.1898506 0.2566285 -0.0422169 0.2030375 0.0346542 0.9776465
