210.000000 0.0000000 0.0000000 0.0000000 0.0000000 0.0000000 0.0000000 1.0000000
212.000000 -0.0408821 0.0087159 -0.0069199 -0.0030657 0.0038418 -0.0057642 0.9999713
218.000000 -0.1465098 -0.0039604 -0.0086728 -0.0227861 0.0087370 0.0098797 0.9996533
219.000000 -0.1686339 -0.0076046 -0.0111865 -0.0246461 0.0080477 0.0161163 0.9995340
220.000000 -0.1833434 -0.0145936 -0.0094759 -0.0268943 -0.0001786 0.0275340 0.9992590
232.000000 -0.2893563 -0.0620769 0.0409240 -0.0189448 0.0886764 0.0811791 0.9925662
233.000000 -0.3003959 -0.0700437 0.0458797 -0.0224878 0.1025648 0.0837229 0.9909416
241.000000 -0.3926539 -0.0941616 0.0910007 -0.0267303 0.1644180 0.0761690 0.9830822
249.000000 -0.4616283 -0.1437010 0.1576220 -0.0404014 0.1921881 0.0690805 0.9780896
259.000000 -0.4888272 -0.1907976 0.2345969 -0.0393211 0.2014147 0.0364141 0.9780388
261.000000 -0.4850083 -0.2042425 0.2455260 -0.0488885 0.2040101 0.0379676 0.9770098
263.000000 -0.4731846 -0.2066836 0.2432617 -0.0428303 0.2015389 0.0333389 0.9779755
270.000000 -0.4196788 -0.1938506 0.2284344 -0.0438050 0.2252777 0.0457147 0.9722351
272.000000 -0.3993694 -0.1789771 0.2194317 -0.0413605 0.2341823 0.0581831 0.9695683
295.000000 -0.3288966 0.0206847 0.1389276 -0.1746968 0.2085913 0.0540788 0.9607529
298.000000 -0.3264638 0.0404579 0.1134695 -0.1713853 0.1929708 0.0197337 0.9659192
304.000000 -0.2634949 0.0724888 0.0364775 -0.1786123 0.1486424 -0.0194529 0.9724324
310.000000 -0.1911733 0.0749486 -0.0300404 -0.1608098 0.1048375 -0.0581737 0.9796761
314.000000 -0.1341659 0.0735460 -0.0676791 -0.1473427 0.0834546 -0.0828169 0.9820727
326.000000 0.0560420 0.0065938 -0.1277454 -0.1317075 0.0400431 -0.1038131 0.9850241
330.000000 0.1207047 -0.0459068 -0.1521008 -0.1176905 0.0305987 -0.1230612 0.9849206
332.000000 0.1465030 -0.0868295 -0.1655958 -0.1160807 0.0272685 -0.1438610 0.9823878
338.000000 0.2029188 -0.1825791 -0.2143386 -0.1024302 0.0045542 -0.1871415 0.9769675
340.000000 0.2113815 -0.2066710 -0.2338907 -0.0924834 0.0017048 -0.1996956 0.9754822
342.000000 0.2085162 -0.2380147 -0.2511983 -0.0844958 -0.0124587 -0.2034128 0.9753607
344.000000 0.2262987 -0.2434939 -0.2733080 -0.0725302 -0.0452272 -0.2035487 0.9753265
347.000000 0.2600549 -0.2937228 -0.2843032 -0.0811207 -0.0933007 -0.2143029 0.9689111
350.000000 0.2966643 -0.3395138 -0.3015639 -0.0733957 -0.1116069 -0.2371178 0.9622537
352.000000 0.3253928 -0.3649723 -0.3170761 -0.0671602 -0.1193603 -0.2495931 0.9586167
354.000000 0.3486549 -0.4336748 -0.3253874 -0.0718065 -0.1255159 -0.2697791 0.9520025
356.000000 0.3653793 -0.4721487 -0.3443246 -0.0433393 -0.1137888 -0.2871343 0.9501199
360.000000 0.3666782 -0.4985238 -0.3632166 0.0253343 -0.1252637 -0.3441314 0.9301832
362.000000 0.3768439 -0.5025106 -0.3627213 0.0374673 -0.1616196 -0.3646538 0.9162439
364.000000 0.3914138 -0.5331186 -0.3333081 0.0302583 -0.1944100 -0.4008865 0.8947509
368.000000 0.4086041 -0.5565299 -0.2801858 0.0601239 -0.2227013 -0.4592979 0.8578081
370.000000 0.4591619 -0.5300073 -0.2329192 0.0469241 -0.2448201 -0.4875703 0.8367416
372.000000 0.4660301 -0.5391299 -0.1883259 0.0136053 -0.2564278 -0.5068871 0.8228762
374.000000 0.4830365 -0.5468209 -0.1461675 -0.0138004 -0.2669010 -0.5171052 0.8131271
379.000000 0.5478120 -0.5727652 -0.0496581 -0.0722533 -0.3278223 -0.4655675 0.8188766
382.000000 0.6068488 -0.5966641 -0.0004306 -0.0953119 -0.3583587 -0.4374182 0.8192436
385.000000 0.6758037 -0.6178135 0.0405010 -0.0965364 -0.3834780 -0.4074534 0.8231689
388.000000 0.7494226 -0.6378915 0.0858637 -0.0989748 -0.4114080 -0.3754121 0.8246291
395.000000 0.9319615 -0.6581844 0.2009874 -0.0645005 -0.4354444 -0.3256799 0.8367559
403.000000 1.1172392 -0.6403100 0.2511464 -0.0821305 -0.4483989 -0.3330545 0.8253894
406.000000 1.1816840 -0.6810135 0.2720726 -0.0721167 -0.4471825 -0.3576479 0.8166487
408.000000 1.2026360 -0.7020679 0.2711337 -0.0706880 -0.4341536 -0.3712791 0.8177198
411.000000 1.2632263 -0.7221665 0.2851408 -0.0682972 -0.4472421 -0.3757511 0.8087775
413.000000 1.2975752 -0.7412044 0.3080840 -0.0695902 -0.4441725 -0.3783751 0.8091355
418.000000 1.3671116 -0.7884872 0.3683493 -0.0706618 -0.4441535 -0.4072179 0.7949265
420.000000 1.3880453 -0.8082122 0.3884437 -0.0589924 -0.4499617 -0.4154768 0.7883105
422.000000 1.4070493 -0.8239781 0.4075359 -0.0658876 -0.4574051 -0.4180920 0.7820732
424.000000 1.4300386 -0.8417642 0.4244438 -0.0712212 -0.4810877 -0.4151734 0.7688388
434.000000 1.5148834 -0.9349749 0.5176662 -0.0648112 -0.5284382 -0.4452031 0.7199631
436.000000 1.5335095 -0.9503422 0.5342043 -0.0608549 -0.5399820 -0.4502670 0.7085025
438.000000 1.5541151 -0.9652711 0.5493957 -0.0692559 -0.5484733 -0.4559493 0.6974890
448.000000 1.5872686 -1.0585735 0.6445645 -0.0769943 -0.5866553 -0.4628305 0.6600723
452.000000 1.5545335 -1.0819043 0.6869789 -0.0645796 -0.6048086 -0.4536524 0.6513337
454.000000 1.5361502 -1.0878780 0.7096217 -0.0631069 -0.6190352 -0.4486242 0.6415210
458.000000 1.4759592 -1.1025933 0.7625113 -0.0559327 -0.6334608 -0.4480688 0.6283575
462.000000 1.4180839 -1.1172729 0.8164874 -0.0546557 -0.6435679 -0.4517339 0.6154426
468.000000 1.3167100 -1.1752894 0.8738326 -0.0627953 -0.6369955 -0.4510392 0.6219784
470.000000 1.2793342 -1.2004685 0.8806623 -0.0715373 -0.6342402 -0.4536660 0.6219397
472.000000 1.2431786 -1.2231363 0.8823614 -0.0728474 -0.6298010 -0.4619934 0.6201661
474.000000 1.2200228 -1.2389221 0.8770152 -0.0597843 -0.6332842 -0.4685469 0.6130586
476.000000 1.1848615 -1.2586663 0.8615228 -0.0679740 -0.6310224 -0.4760627 0.6087319
478.000000 1.1546569 -1.2725246 0.8510917 -0.0649660 -0.6418446 -0.4741814 0.5991385
481.000000 1.1085047 -1.2928505 0.8386562 -0.0548090 -0.6520149 -0.4761843 0.5874701
483.000000 1.0911157 -1.2974259 0.8462920 -0.0502548 -0.6503713 -0.4802669 0.5863748
485.000000 1.0774708 -1.2957492 0.8417853 -0.0563858 -0.6381777 -0.4828134 0.5970269
