210.000000 0.0000000 0.0000000 0.0000000 0.0000000 0.0000000 0.0000000 1.0000000
212.000000 -0.0409293 0.0086981 -0.0069848 -0.0030676 0.0038392 -0.0057417 0.9999714
218.000000 -0.1464970 -0.0041141 -0.0087141 -0.0228532 0.0087119 0.0099504 0.9996514
219.000000 -0.1686419 -0.0076311 -0.0111902 -0.0246444 0.0080365 0.0161553 0.9995334
220.000000 -0.1832708 -0.0146195 -0.0094539 -0.0268900 -0.0002176 0.0275691 0.9992582
232.000000 -0.2893957 -0.0620288 0.0409812 -0.0189158 0.0887063 0.0811711 0.9925647
233.000000 -0.3004420 -0.0700300 0.0459186 -0.0224712 0.1026016 0.0837406 0.9909366
241.000000 -0.3927309 -0.0941093 0.0911360 -0.0266970 0.1644964 0.0761872 0.9830685
249.000000 -0.4617094 -0.1436369 0.1577943 -0.0403691 0.1922894 0.0690879 0.9780706
259.000000 -0.4889183 -0.1906857 0.2348208 -0.0392845 0.2015480 0.0363973 0.9780135
261.000000 -0.4850920 -0.2041310 0.2457092 -0.0488532 0.2041376 0.0379569 0.9769854
263.000000 -0.4732534 -0.2065545 0.2434610 -0.0427895 0.2016571 0.0333189 0.9779536
270.000000 -0.4197492 -0.1937371 0.2286030 -0.0437658 0.2253802 0.0456960 0.9722140
272.000000 -0.3993891 -0.1788638 0.2195507 -0.0413192 0.2342435 0.0581656 0.9695563
295.000000 -0.3288966 0.0206847 0.1389276 -0.1746968 0.2085913 0.0540788 0.9607529
298.000000 -0.3264551 0.0404647 0.1135076 -0.1713803 0.1929772 0.0197392 0.9659187
304.000000 -0.2634949 0.0724888 0.0364775 -0.1786123 0.1486424 -0.0194529 0.9724324
310.000000 -0.1911100 0.0749099 -0.0300484 -0.1608325 0.1047950 -0.0581575 0.9796778
314.000000 -0.1342304 0.0735410 -0.0676632 -0.1473508 0.0834898 -0.0828175 0.9820685
326.000000 0.0561417 0.0064001 -0.1279364 -0.1318012 0.0399405 -0.1038172 0.9850153
330.000000 0.1207558 -0.0458369 -0.1521346 -0.1176200 0.0305637 -0.1231210 0.9849226
332.000000 0.1464226 -0.0868096 -0.1657016 -0.1160396 0.0273017 -0.1438979 0.9823863
338.000000 0.2031336 -0.1828416 -0.2143569 -0.1024900 0.0044248 -0.1871439 0.9769613
340.000000 0.2114295 -0.2071017 -0.2339138 -0.0926317 0.0016383 -0.1996878 0.9754699
342.000000 0.2087206 -0.2382133 -0.2512350 -0.0845152 -0.0125614 -0.2033981 0.9753608
344.000000 0.2269028 -0.2433664 -0.2732184 -0.0723870 -0.0454481 -0.2035566 0.9753252
347.000000 0.2604790 -0.2947308 -0.2844228 -0.0814077 -0.0935489 -0.2142267 0.9688799
350.000000 0.2971810 -0.3402000 -0.3016229 -0.0735679 -0.1118881 -0.2371700 0.9621950
352.000000 0.3261373 -0.3662124 -0.3170794 -0.0675054 -0.1197615 -0.2495044 0.9585655
354.000000 0.3496863 -0.4343853 -0.3243972 -0.0719821 -0.1260274 -0.2696924 0.9519463
356.000000 0.3661581 -0.4731490 -0.3439521 -0.0436792 -0.1142395 -0.2870037 0.9500896
360.000000 0.3673941 -0.5001632 -0.3621765 0.0249104 -0.1258376 -0.3442118 0.9300874
362.000000 0.3773872 -0.5040253 -0.3621365 0.0370309 -0.1620825 -0.3646553 0.9161792
364.000000 0.3926504 -0.5349507 -0.3324264 0.0298033 -0.1951537 -0.4008284 0.8946303
366.000000 0.4010935 -0.5681796 -0.3080685 0.0408993 -0.2113232 -0.4299947 0.8767977
368.000000 0.4092149 -0.5581712 -0.2796780 0.0597144 -0.2232624 -0.4593068 0.8576860
370.000000 0.4605742 -0.5312386 -0.2324217 0.0466971 -0.2455541 -0.4872865 0.8367045
372.000000 0.4676399 -0.5404001 -0.1877225 0.0134868 -0.2572175 -0.5066952 0.8227499
374.000000 0.4849105 -0.5486514 -0.1438163 -0.0141237 -0.2682176 -0.5165914 0.8130149
379.000000 0.5498593 -0.5729703 -0.0470317 -0.0721630 -0.3290190 -0.4650421 0.8187032
382.000000 0.6084328 -0.5966022 0.0014151 -0.0951420 -0.3592152 -0.4371557 0.8190283
385.000000 0.6769691 -0.6175716 0.0423017 -0.0963600 -0.3842135 -0.4072466 0.8229489
388.000000 0.7493717 -0.6368786 0.0862927 -0.0985512 -0.4115700 -0.3756435 0.8244936
391.000000 0.8212097 -0.6483146 0.1323111 -0.0927402 -0.4304927 -0.3468192 0.8281254
