210.000000 0.0000000 0.0000000 0.0000000 0.0000000 0.0000000 0.0000000 1.0000000
212.000000 -0.0408821 0.0087159 -0.0069199 -0.0030657 0.0038418 -0.0057642 0.9999713
218.000000 -0.1465098 -0.0039604 -0.0086728 -0.0227861 0.0087370 0.0098797 0.9996533
219.000000 -0.1686339 -0.0076046 -0.0111865 -0.0246461 0.0080477 0.0161163 0.9995340
220.000000 -0.1833434 -0.0145936 -0.0094759 -0.0268943 -0.0001786 0.0275340 0.9992590
232.000000 -0.2893563 -0.0620769 0.0409240 -0.0189448 0.0886764 0.0811791 0.9925662
233.000000 -0.3003959 -0.0700437 0.0458797 -0.0224878 0.1025648 0.0837229 0.9909416
241.000000 -0.3926539 -0.0941616 0.0910007 -0.0267303 0.1644180 0.0761690 0.9830822
249.000000 -0.4616283 -0.1437010 0.1576220 -0.0404014 0.1921881 0.0690805 0.9780896
259.000000 -0.4888272 -0.1907976 0.2345969 -0.0393211 0.2014147 0.0364141 0.9780388
261.000000 -0.4850083 -0.2042425 0.2455260 -0.0488885 0.2040101 0.0379676 0.9770098
263.000000 -0.4731846 -0.2066836 0.2432617 -0.0428303 0.2015389 0.0333389 0.9779755
270.000000 -0.4196788 -0.1938506 0.2284344 -0.0438050 0.2252777 0.0457147 0.9722351
272.000000 -0.3993694 -0.1789771 0.2194317 -0.0413605 0.2341823 0.0581831 0.9695683
295.000000 -0.3288966 0.0206847 0.1389276 -0.1746968 0.2085913 0.0540788 0.9607529
298.000000 -0.3264638 0.0404579 0.1134695 -0.1713853 0.1929708 0.0197337 0.9659192
304.000000 -0.2634949 0.0724888 0.0364775 -0.1786123 0.1486424 -0.0194529 0.9724324
310.000000 -0.1911733 0.0749486 -0.0300404 -0.1608098 0.1048375 -0.0581737 0.9796761
314.000000 -0.1341659 0.0735460 -0.0676791 -0.1473427 0.0834546 -0.0828169 0.9820727
326.000000 0.0560420 0.0065938 -0.1277454 -0.1317075 0.0400431 -0.1038131 0.9850241
330.000000 0.1207047 -0.0459068 -0.1521008 -0.1176905 0.0305987 -0.1230612 0.9849206
332.000000 0.1465030 -0.0868295 -0.1655958 -0.1160807 0.0272685 -0.1438610 0.9823878
338.000000 0.2029188 -0.1825791 -0.2143386 -0.1024302 0.0045542 -0.1871415 0.9769675
340.000000 0.2113815 -0.2066710 -0.2338907 -0.0924834 0.0017048 -0.1996956 0.9754822
342.000000 0.2085162 -0.2380147 -0.2511983 -0.0844958 -0.0124587 -0.2034128 0.9753607
344.000000 0.2262987 -0.2434939 -0.2733080 -0.0725302 -0.0452272 -0.2035487 0.9753265
347.000000 0.2600549 -0.2937228 -0.2843032 -0.0811207 -0.0933007 -0.2143029 0.9689111
350.000000 0.2966643 -0.3395138 -0.3015639 -0.0733957 -0.1116069 -0.2371178 0.9622537
352.000000 0.3253928 -0.3649723 -0.3170761 -0.0671602 -0.1193603 -0.2495931 0.9586167
354.000000 0.3486549 -0.4336748 -0.3253874 -0.0718065 -0.1255159 -0.2697791 0.9520025
356.000000 0.3653793 -0.4721487 -0.3443246 -0.0433393 -0.1137888 -0.2871343 0.9501199
360.000000 0.3666782 -0.4985238 -0.3632166 0.0253343 -0.1252637 -0.3441314 0.9301832
362.000000 0.3768439 -0.5025106 -0.3627213 0.0374673 -0.1616196 -0.3646538 0.9162439
364.000000 0.3914138 -0.5331186 -0.3333081 0.0302583 -0.1944100 -0.4008865 0.8947509
368.000000 0.4086041 -0.5565299 -0.2801858 0.0601239 -0.2227013 -0.4592979 0.8578081
370.000000 0.4591619 -0.5300073 -0.2329192 0.0469241 -0.2448201 -0.4875703 0.8367416
372.000000 0.4660301 -0.5391299 -0.1883259 0.0136053 -0.2564278 -0.5068871 0.8228762
374.000000 0.4830365 -0.5468209 -0.1461675 -0.0138004 -0.2669010 -0.5171052 0.8131271
379.000000 0.5486234 -0.5732055 -0.0488898 -0.0723161 -0.3282338 -0.4653185 0.8188478
382.000000 0.6072716 -0.5969005 -0.0001080 -0.0954011 -0.3585223 -0.4371831 0.8192871
385.000000 0.6759811 -0.6178985 0.0410111 -0.0966269 -0.3836235 -0.4072642 0.8231842
388.000000 0.7489321 -0.6377089 0.0857061 -0.0990005 -0.4112629 -0.3754421 0.8246847
395.000000 0.9299573 -0.6564323 0.2006685 -0.0643247 -0.4349155 -0.3257990 0.8369981
403.000000 1.1152508 -0.6404569 0.2506374 -0.0824084 -0.4481536 -0.3332377 0.8254210
406.000000 1.1781520 -0.6794350 0.2715610 -0.0723743 -0.4466426 -0.3575452 0.8169662
408.000000 1.1989310 -0.7004383 0.2705504 -0.0708437 -0.4335898 -0.3713859 0.8179569
411.000000 1.2586131 -0.7192404 0.2841830 -0.0682871 -0.4464259 -0.3757162 0.8092453
413.000000 1.2931662 -0.7394671 0.3054474 -0.0697240 -0.4431383 -0.3785268 0.8096200
418.000000 1.3629798 -0.7878748 0.3631780 -0.0709889 -0.4425537 -0.4077610 0.7955111
420.000000 1.3843968 -0.8060527 0.3844376 -0.0590381 -0.4488134 -0.4155412 0.7889275
422.000000 1.4030385 -0.8214842 0.4038029 -0.0660848 -0.4563416 -0.4179311 0.7827635
424.000000 1.4258988 -0.8402816 0.4195825 -0.0717074 -0.4796958 -0.4152347 0.7696299
436.000000 1.5308919 -0.9490918 0.5255388 -0.0612113 -0.5380257 -0.4503853 0.7098835
438.000000 1.5512807 -0.9645557 0.5408129 -0.0697937 -0.5466177 -0.4560673 0.6988137
448.000000 1.5857675 -1.0620306 0.6312845 -0.0784737 -0.5838715 -0.4636413 0.6617950
452.000000 1.5537891 -1.0878204 0.6737456 -0.0663470 -0.6020521 -0.4547619 0.6529341
454.000000 1.5356970 -1.0931028 0.6963671 -0.0646472 -0.6162881 -0.4497212 0.6432422
458.000000 1.4764805 -1.1085041 0.7489080 -0.0576397 -0.6306609 -0.4491525 0.6302432
462.000000 1.4191951 -1.1242541 0.8032744 -0.0563294 -0.6407753 -0.4530438 0.6172401
470.000000 1.2808537 -1.2079557 0.8656507 -0.0723858 -0.6308138 -0.4557197 0.6238220
476.000000 1.1868465 -1.2651769 0.8450586 -0.0682439 -0.6274149 -0.4781302 0.6108068
478.000000 1.1572591 -1.2801369 0.8357688 -0.0653514 -0.6385908 -0.4762490 0.6009308
481.000000 1.1113029 -1.3009415 0.8227913 -0.0552064 -0.6486325 -0.4784854 0.5893046
483.000000 1.0941432 -1.3076506 0.8289524 -0.0509169 -0.6465986 -0.4829181 0.5883093
490.000000 1.0306141 -1.2987715 0.8332085 -0.0918080 -0.5983351 -0.5477335 0.5775416
493.000000 0.9975765 -1.2800753 0.8304708 -0.0916450 -0.5692455 -0.5747628 0.5806966
499.000000 0.9515691 -1.2458879 0.8658638 -0.0867626 -0.5327280 -0.6091850 0.5810049
501.000000 0.9450055 -1.2136217 0.8744358 -0.0747297 -0.5203549 -0.6189301 0.5835853
503.000000 0.9447925 -1.1906589 0.8941938 -0.0827094 -0.5194027 -0.6208100 0.5813561
506.000000 0.9340632 -1.1564629 0.9144266 -0.1017149 -0.5036371 -0.6320775 0.5800704
512.000000 0.9451906 -1.0637189 0.9415933 -0.1298346 -0.4783108 -0.6369516 0.5904696
514.000000 0.9553503 -1.0231040 0.9433293 -0.1380506 -0.4757627 -0.6340863 0.5937394
517.000000 0.9699724 -0.9737535 0.9345182 -0.1475617 -0.4765028 -0.6319820 0.5931015
520.000000 0.9892706 -0.9282331 0.9183575 -0.1548466 -0.4722073 -0.6311960 0.5955120
526.000000 1.0252523 -0.8436587 0.8701293 -0.1822235 -0.4566382 -0.6271214 0.6041481
532.000000 1.0506471 -0.7740908 0.8133042 -0.1934757 -0.4560432 -0.6225876 0.6057858
535.000000 1.0553945 -0.7482046 0.7883724 -0.2007814 -0.4507003 -0.6196150 0.6104370
538.000000 1.0568168 -0.7212280 0.7658363 -0.2078480 -0.4470558 -0.6146246 0.6157735
541.000000 1.0562847 -0.7005696 0.7471896 -0.2094100 -0.4392042 -0.6071788 0.6281568
544.000000 1.0535359 -0.6852564 0.7244276 -0.2071131 -0.4464682 -0.5925235 0.6377196
557.000000 1.0230364 -0.6626196 0.6384168 -0.1793766 -0.4461061 -0.5378190 0.6925057
564.000000 1.0188024 -0.6562189 0.6041321 -0.1807700 -0.4296652 -0.5170305 0.7179064
567.000000 1.0207840 -0.6566529 0.5921779 -0.1755830 -0.4188052 -0.5101695 0.7304108
570.000000 1.0256262 -0.6569999 0.5858450 -0.1775433 -0.4051512 -0.4982033 0.7457374
573.000000 1.0332867 -0.6479590 0.5804013 -0.1850601 -0.3890756 -0.4870373 0.7597155
576.000000 1.0363436 -0.6399350 0.5740622 -0.1849551 -0.3683649 -0.4851480 0.7711876
579.000000 1.0345212 -0.6290746 0.5655839 -0.1905795 -0.3478371 -0.4827510 0.7807947
