210.000000 0.0000000 0.0000000 0.0000000 0.0000000 0.0000000 0.0000000 1.0000000
212.000000 -0.0408821 0.0087159 -0.0069199 -0.0030657 0.0038418 -0.0057642 0.9999713
218.000000 -0.1465098 -0.0039604 -0.0086728 -0.0227861 0.0087370 0.0098797 0.9996533
219.000000 -0.1686339 -0.0076046 -0.0111865 -0.0246461 0.0080477 0.0161163 0.9995340
220.000000 -0.1833434 -0.0145936 -0.0094759 -0.0268943 -0.0001786 0.0275340 0.9992590
232.000000 -0.2893563 -0.0620769 0.0409240 -0.0189448 0.0886764 0.0811791 0.9925662
233.000000 -0.3003959 -0.0700437 0.0458797 -0.0224878 0.1025648 0.0837229 0.9909416
241.000000 -0.3926539 -0.0941616 0.0910007 -0.0267303 0.1644180 0.0761690 0.9830822
249.000000 -0.4616283 -0.1437010 0.1576220 -0.0404014 0.1921881 0.0690805 0.9780896
259.000000 -0.4888272 -0.1907976 0.2345969 -0.0393211 0.2014147 0.0364141 0.9780388
261.000000 -0.4850083 -0.2042425 0.2455260 -0.0488885 0.2040101 0.0379676 0.9770098
263.000000 -0.4731846 -0.2066836 0.2432617 -0.0428303 0.2015389 0.0333389 0.9779755
270.000000 -0.4196788 -0.1938506 0.2284344 -0.0438050 0.2252777 0.0457147 0.9722351
272.000000 -0.3993694 -0.1789771 0.2194317 -0.0413605 0.2341823 0.0581831 0.9695683
295.000000 -0.3288966 0.0206847 0.1389276 -0.1746968 0.2085913 0.0540788 0.9607529
298.000000 -0.3264638 0.0404579 0.1134695 -0.1713853 0.1929708 0.0197337 0.9659192
304.000000 -0.2634949 0.0724888 0.0364775 -0.1786123 0.1486424 -0.0194529 0.9724324
310.000000 -0.1911733 0.0749486 -0.0300404 -0.1608098 0.1048375 -0.0581737 0.9796761
314.000000 -0.1341659 0.0735460 -0.0676791 -0.1473427 0.0834546 -0.0828169 0.9820727
326.000000 0.0560420 0.0065938 -0.1277454 -0.1317075 0.0400431 -0.1038131 0.9850241
330.000000 0.1207047 -0.0459068 -0.1521008 -0.1176905 0.0305987 -0.1230612 0.9849206
332.000000 0.1465030 -0.0868295 -0.1655958 -0.1160807 0.0272685 -0.1438610 0.9823878
338.000000 0.2029188 -0.1825791 -0.2143386 -0.1024302 0.0045542 -0.1871415 0.9769675
340.000000 0.2113815 -0.2066710 -0.2338907 -0.0924834 0.0017048 -0.1996956 0.9754822
342.000000 0.2085162 -0.2380147 -0.2511983 -0.0844958 -0.0124587 -0.2034128 0.9753607
344.000000 0.2262987 -0.2434939 -0.2733080 -0.0725302 -0.0452272 -0.2035487 0.9753265
347.000000 0.2600549 -0.2937228 -0.2843032 -0.0811207 -0.0933007 -0.2143029 0.9689111
350.000000 0.2966643 -0.3395138 -0.3015639 -0.0733957 -0.1116069 -0.2371178 0.9622537
352.000000 0.3253928 -0.3649723 -0.3170761 -0.0671602 -0.1193603 -0.2495931 0.9586167
354.000000 0.3486549 -0.4336748 -0.3253874 -0.0718065 -0.1255159 -0.2697791 0.9520025
356.000000 0.3653793 -0.4721487 -0.3443246 -0.0433393 -0.1137888 -0.2871343 0.9501199
360.000000 0.3666782 -0.4985238 -0.3632166 0.0253343 -0.1252637 -0.3441314 0.9301832
362.000000 0.3768439 -0.5025106 -0.3627213 0.0374673 -0.1616196 -0.3646538 0.9162439
364.000000 0.3914138 -0.5331186 -0.3333081 0.0302583 -0.1944100 -0.4008865 0.8947509
368.000000 0.4086041 -0.5565299 -0.2801858 0.0601239 -0.2227013 -0.4592979 0.8578081
370.000000 0.4591619 -0.5300073 -0.2329192 0.0469241 -0.2448201 -0.4875703 0.8367416
372.000000 0.4660301 -0.5391299 -0.1883259 0.0136053 -0.2564278 -0.5068871 0.8228762
374.000000 0.4830365 -0.5468209 -0.1461675 -0.0138004 -0.2669010 -0.5171052 0.8131271
379.000000 0.5486234 -0.5732055 -0.0488898 -0.0723161 -0.3282338 -0.4653185 0.8188478
382.000000 0.6072716 -0.5969005 -0.0001080 -0.0954011 -0.3585223 -0.4371831 0.8192871
385.000000 0.6759811 -0.6178985 0.0410111 -0.0966269 -0.3836235 -0.4072642 0.8231842
388.000000 0.7489321 -0.6377089 0.0857061 -0.0990005 -0.4112629 -0.3754421 0.8246847
395.000000 0.9299573 -0.6564323 0.2006685 -0.0643247 -0.4349155 -0.3257990 0.8369981
403.000000 1.1154730 -0.6405562 0.2511746 -0.0824541 -0.4483260 -0.3332294 0.8253261
406.000000 1.1780145 -0.6793171 0.2711269 -0.0723308 -0.4465190 -0.3576044 0.8170117
408.000000 1.1988211 -0.6999500 0.2703055 -0.0707141 -0.4335034 -0.3713927 0.8180109
411.000000 1.2586364 -0.7186397 0.2842774 -0.0681253 -0.4464489 -0.3756730 0.8092664
413.000000 1.2931509 -0.7387853 0.3051328 -0.0696439 -0.4430370 -0.3784281 0.8097284
418.000000 1.3630699 -0.7871231 0.3625541 -0.0708316 -0.4423487 -0.4076946 0.7956730
420.000000 1.3841671 -0.8055190 0.3836364 -0.0589724 -0.4485472 -0.4155398 0.7890844
422.000000 1.4031026 -0.8208733 0.4030246 -0.0659844 -0.4561189 -0.4178672 0.7829359
424.000000 1.4258310 -0.8397720 0.4185232 -0.0716332 -0.4793894 -0.4151886 0.7698525
436.000000 1.5308185 -0.9493372 0.5246017 -0.0613782 -0.5377989 -0.4503722 0.7100493
438.000000 1.5515463 -0.9644589 0.5396036 -0.0698635 -0.5463410 -0.4560040 0.6990643
448.000000 1.5864865 -1.0623599 0.6300026 -0.0784691 -0.5836297 -0.4636879 0.6619762
452.000000 1.5541365 -1.0883672 0.6723035 -0.0664788 -0.6017609 -0.4548142 0.6531526
454.000000 1.5362723 -1.0941710 0.6949170 -0.0647744 -0.6159990 -0.4498543 0.6434132
458.000000 1.4771626 -1.1089962 0.7475438 -0.0576541 -0.6303952 -0.4492331 0.6304503
462.000000 1.4201977 -1.1251202 0.8018694 -0.0563418 -0.6404932 -0.4531655 0.6174424
470.000000 1.2814438 -1.2091708 0.8645241 -0.0724896 -0.6305785 -0.4558675 0.6239398
476.000000 1.1874032 -1.2667844 0.8438640 -0.0682997 -0.6271633 -0.4784260 0.6108272
478.000000 1.1575439 -1.2815620 0.8345734 -0.0654081 -0.6383335 -0.4765515 0.6009582
481.000000 1.1116432 -1.3022776 0.8214251 -0.0551783 -0.6483587 -0.4788496 0.5893127
483.000000 1.0942525 -1.3091533 0.8275666 -0.0510041 -0.6463133 -0.4832518 0.5883413
490.000000 1.0303596 -1.2999445 0.8318441 -0.0918407 -0.5979824 -0.5481167 0.5775383
493.000000 0.9976570 -1.2811028 0.8292121 -0.0916244 -0.5689303 -0.5750526 0.5807219
499.000000 0.9518179 -1.2466383 0.8647836 -0.0866655 -0.5324444 -0.6093650 0.5810906
501.000000 0.9451506 -1.2144239 0.8733293 -0.0746643 -0.5200472 -0.6191329 0.5836527
503.000000 0.9446512 -1.1919329 0.8932122 -0.0828423 -0.5191038 -0.6210839 0.5813116
506.000000 0.9340923 -1.1578081 0.9135869 -0.1018562 -0.5034136 -0.6322823 0.5800166
512.000000 0.9452232 -1.0650415 0.9409930 -0.1300338 -0.4781831 -0.6370729 0.5903985
514.000000 0.9554380 -1.0238655 0.9426334 -0.1381779 -0.4755136 -0.6341829 0.5938061
517.000000 0.9702466 -0.9744142 0.9339384 -0.1476507 -0.4763217 -0.6320015 0.5932041
520.000000 0.9896462 -0.9289524 0.9177279 -0.1549605 -0.4720646 -0.6311935 0.5955981
526.000000 1.0253701 -0.8443563 0.8695015 -0.1824785 -0.4564866 -0.6269966 0.6043151
532.000000 1.0509610 -0.7750052 0.8123963 -0.1938848 -0.4558955 -0.6224148 0.6059437
535.000000 1.0553870 -0.7489740 0.7874939 -0.2013127 -0.4504567 -0.6195099 0.6105485
538.000000 1.0571151 -0.7216196 0.7647756 -0.2081034 -0.4468176 -0.6144117 0.6160724
541.000000 1.0569683 -0.7014553 0.7460058 -0.2097178 -0.4391266 -0.6068538 0.6284225
564.000000 1.0173355 -0.6555789 0.6004285 -0.1803887 -0.4271546 -0.5185862 0.7183782
567.000000 1.0190501 -0.6553050 0.5881205 -0.1747910 -0.4159644 -0.5118521 0.7310466
573.000000 1.0322495 -0.6460079 0.5774524 -0.1839936 -0.3867887 -0.4877704 0.7606713
579.000000 1.0346023 -0.6252254 0.5641009 -0.1883695 -0.3464398 -0.4822546 0.7822576
585.000000 1.0223869 -0.6147641 0.5502555 -0.1880945 -0.3350753 -0.4714161 0.7937959
595.000000 1.0104399 -0.6271505 0.5450020 -0.1800795 -0.3448769 -0.4569278 0.7999052
599.000000 1.0012112 -0.6386727 0.5511614 -0.1787797 -0.3499881 -0.4540043 0.7996413
602.000000 0.9954158 -0.6408097 0.5530772 -0.1723399 -0.3507427 -0.4525988 0.8015190
