210.000000 0.0000000 0.0000000 0.0000000 0.0000000 0.0000000 0.0000000 1.0000000
212.000000 -0.0408821 0.0087159 -0.0069199 -0.0030657 0.0038418 -0.0057642 0.9999713
218.000000 -0.1465098 -0.0039604 -0.0086728 -0.0227861 0.0087370 0.0098797 0.9996533
219.000000 -0.1686339 -0.0076046 -0.0111865 -0.0246461 0.0080477 0.0161163 0.9995340
220.000000 -0.1833434 -0.0145936 -0.0094759 -0.0268943 -0.0001786 0.0275340 0.9992590
232.000000 -0.2893563 -0.0620769 0.0409240 -0.0189448 0.0886764 0.0811791 0.9925662
233.000000 -0.3003959 -0.0700437 0.0458797 -0.0224878 0.1025648 0.0837229 0.9909416
241.000000 -0.3926539 -0.0941616 0.0910007 -0.0267303 0.1644180 0.0761690 0.9830822
249.000000 -0.4616283 -0.1437010 0.1576220 -0.0404014 0.1921881 0.0690805 0.9780896
259.000000 -0.4888272 -0.1907976 0.2345969 -0.0393211 0.2014147 0.0364141 0.9780388
261.000000 -0.4850083 -0.2042425 0.2455260 -0.0488885 0.2040101 0.0379676 0.9770098
263.000000 -0.4731846 -0.2066836 0.2432617 -0.0428303 0.2015389 0.0333389 0.9779755
270.000000 -0.4196788 -0.1938506 0.2284344 -0.0438050 0.2252777 0.0457147 0.9722351
272.000000 -0.3993694 -0.1789771 0.2194317 -0.0413605 0.2341823 0.0581831 0.9695683
295.000000 -0.3288966 0.0206847 0.1389276 -0.1746968 0.2085913 0.0540788 0.9607529
298.000000 -0.3264638 0.0404579 0.1134695 -0.1713853 0.1929708 0.0197337 0.9659192
304.000000 -0.2634949 0.0724888 0.0364775 -0.1786123 0.1486424 -0.0194529 0.9724324
310.000000 -0.1911733 0.0749486 -0.0300404 -0.1608098 0.1048375 -0.0581737 0.9796761
314.000000 -0.1341659 0.0735460 -0.0676791 -0.1473427 0.0834546 -0.0828169 0.9820727
326.000000 0.0560420 0.0065938 -0.1277454 -0.1317075 0.0400431 -0.1038131 0.9850241
330.000000 0.1207047 -0.0459068 -0.1521008 -0.1176905 0.0305987 -0.1230612 0.9849206
332.000000 0.1465030 -0.0868295 -0.1655958 -0.1160807 0.0272685 -0.1438610 0.9823878
338.000000 0.2029188 -0.1825791 -0.2143386 -0.1024302 0.0045542 -0.1871415 0.9769675
340.000000 0.2113815 -0.2066710 -0.2338907 -0.0924834 0.0017048 -0.1996956 0.9754822
342.000000 0.2085162 -0.2380147 -0.2511983 -0.0844958 -0.0124587 -0.2034128 0.9753607
344.000000 0.2262987 -0.2434939 -0.2733080 -0.0725302 -0.0452272 -0.2035487 0.9753265
347.000000 0.2600549 -0.2937228 -0.2843032 -0.0811207 -0.0933007 -0.2143029 0.9689111
350.000000 0.2966643 -0.3395138 -0.3015639 -0.0733957 -0.1116069 -0.2371178 0.9622537
352.000000 0.3253928 -0.3649723 -0.3170761 -0.0671602 -0.1193603 -0.2495931 0.9586167
354.000000 0.3486549 -0.4336748 -0.3253874 -0.0718065 -0.1255159 -0.2697791 0.9520025
356.000000 0.3653793 -0.4721487 -0.3443246 -0.0433393 -0.1137888 -0.2871343 0.9501199
360.000000 0.3666782 -0.4985238 -0.3632166 0.0253343 -0.1252637 -0.3441314 0.9301832
362.000000 0.3768439 -0.5025106 -0.3627213 0.0374673 -0.1616196 -0.3646538 0.9162439
364.000000 0.3914138 -0.5331186 -0.3333081 0.0302583 -0.1944100 -0.4008865 0.8947509
368.000000 0.4086041 -0.5565299 -0.2801858 0.0601239 -0.2227013 -0.4592979 0.8578081
370.000000 0.4591619 -0.5300073 -0.2329192 0.0469241 -0.2448201 -0.4875703 0.8367416
372.000000 0.4660301 -0.5391299 -0.1883259 0.0136053 -0.2564278 -0.5068871 0.8228762
374.000000 0.4830365 -0.5468209 -0.1461675 -0.0138004 -0.2669010 -0.5171052 0.8131271
379.000000 0.5486234 -0.5732055 -0.0488898 -0.0723161 -0.3282338 -0.4653185 0.8188478
382.000000 0.6072716 -0.5969005 -0.0001080 -0.0954011 -0.3585223 -0.4371831 0.8192871
385.000000 0.6759811 -0.6178985 0.0410111 -0.0966269 -0.3836235 -0.4072642 0.8231842
388.000000 0.7489321 -0.6377089 0.0857061 -0.0990005 -0.4112629 -0.3754421 0.8246847
395.000000 0.9314128 -0.6579535 0.2011992 -0.0645694 -0.4353519 -0.3256609 0.8368061
403.000000 1.1158347 -0.6407738 0.2513002 -0.0825089 -0.4483630 -0.3331058 0.8253505
406.000000 1.1794355 -0.6805837 0.2720491 -0.0725127 -0.4468731 -0.3575816 0.8168119
408.000000 1.1999168 -0.7012593 0.2707536 -0.0709522 -0.4337270 -0.3713663 0.8178837
411.000000 1.2601306 -0.7209083 0.2843888 -0.0685108 -0.4466447 -0.3757958 0.8090689
413.000000 1.2944348 -0.7404298 0.3061067 -0.0698910 -0.4433726 -0.3784536 0.8095115
418.000000 1.3639449 -0.7879876 0.3644738 -0.0709738 -0.4428963 -0.4075012 0.7954548
420.000000 1.3852047 -0.8066395 0.3858680 -0.0591241 -0.4491374 -0.4154104 0.7888055
422.000000 1.4040983 -0.8227388 0.4049084 -0.0663066 -0.4566326 -0.4178423 0.7826225
424.000000 1.4267690 -0.8411837 0.4207007 -0.0718499 -0.4799331 -0.4151196 0.7695307
436.000000 1.5317169 -0.9505534 0.5281206 -0.0614584 -0.5385689 -0.4502535 0.7095338
438.000000 1.5523142 -0.9652237 0.5432894 -0.0698502 -0.5471084 -0.4558525 0.6985641
448.000000 1.5863808 -1.0635449 0.6340925 -0.0787745 -0.5843632 -0.4635165 0.6614127
452.000000 1.5541911 -1.0892603 0.6766248 -0.0666676 -0.6025630 -0.4546036 0.6525403
454.000000 1.5358841 -1.0946617 0.6996342 -0.0649932 -0.6168543 -0.4495904 0.6427559
458.000000 1.4762734 -1.1100775 0.7524518 -0.0579979 -0.6312400 -0.4490179 0.6297262
462.000000 1.4188321 -1.1253293 0.8066994 -0.0566988 -0.6413293 -0.4528120 0.6168008
470.000000 1.2812748 -1.2089579 0.8681172 -0.0725420 -0.6311767 -0.4555099 0.6235899
476.000000 1.1873401 -1.2658223 0.8478792 -0.0682741 -0.6278730 -0.4778537 0.6105489
478.000000 1.1576655 -1.2812349 0.8383244 -0.0654646 -0.6389866 -0.4760253 0.6006750
481.000000 1.1120570 -1.3016566 0.8254657 -0.0551856 -0.6490648 -0.4782091 0.5890548
483.000000 1.0950439 -1.3085644 0.8313999 -0.0508821 -0.6470028 -0.4826606 0.5880792
490.000000 1.0313442 -1.2996309 0.8358601 -0.0918465 -0.5988297 -0.5473847 0.5773536
493.000000 0.9987037 -1.2808652 0.8328328 -0.0915439 -0.5696958 -0.5744252 0.5806050
499.000000 0.9542369 -1.2443297 0.8692287 -0.0857458 -0.5335538 -0.6082370 0.5813912
501.000000 0.9464068 -1.2132456 0.8770006 -0.0742368 -0.5208664 -0.6184627 0.5836874
503.000000 0.9459178 -1.1901379 0.8961684 -0.0822065 -0.5196584 -0.6205750 0.5814499
506.000000 0.9351323 -1.1558799 0.9164467 -0.1012377 -0.5039532 -0.6317282 0.5802599
510.000000 0.9414237 -1.0931460 0.9372762 -0.1153985 -0.4822638 -0.6358258 0.5914646
512.000000 0.9472431 -1.0629820 0.9439093 -0.1289444 -0.4789333 -0.6361030 0.5910746
514.000000 0.9568781 -1.0227377 0.9457918 -0.1375876 -0.4764065 -0.6332064 0.5942694
517.000000 0.9719262 -0.9730868 0.9369311 -0.1468594 -0.4772427 -0.6308017 0.5939368
520.000000 0.9910810 -0.9274867 0.9207298 -0.1541309 -0.4729478 -0.6301787 0.5961868
523.000000 1.0105776 -0.8842122 0.8978156 -0.1651174 -0.4687244 -0.6262488 0.6007047
526.000000 1.0267302 -0.8437718 0.8733097 -0.1818357 -0.4580017 -0.6260968 0.6042954
529.000000 1.0428841 -0.8035188 0.8460096 -0.1917644 -0.4551590 -0.6230196 0.6065503
532.000000 1.0508666 -0.7753328 0.8172424 -0.1938875 -0.4574884 -0.6217197 0.6054556
535.000000 1.0550804 -0.7502575 0.7923975 -0.2017258 -0.4522548 -0.6189526 0.6096475
538.000000 1.0568373 -0.7247179 0.7701066 -0.2092062 -0.4491701 -0.6138612 0.6145352
