210.000000 0.0000000 0.0000000 0.0000000 0.0000000 0.0000000 0.0000000 1.0000000
211.000000 -0.0198986 0.0047963 -0.0030077 0.0006086 0.0017825 -0.0026383 0.9999948
212.000000 -0.0409477 0.0098825 -0.0058174 -0.0023338 0.0036715 -0.0051729 0.9999772
214.000000 -0.0777795 0.0057119 -0.0063500 -0.0125245 0.0024710 -0.0012932 0.9999177
218.000000 -0.1468719 -0.0021556 -0.0042635 -0.0218212 0.0087297 0.0098954 0.9996748
219.000000 -0.1689670 -0.0047821 -0.0057704 -0.0230634 0.0079265 0.0161260 0.9995725
220.000000 -0.1841370 -0.0125731 -0.0037507 -0.0256419 -0.0002836 0.0282083 0.9992731
228.000000 -0.2564678 -0.0425992 0.0362519 -0.0160910 0.0309799 0.0564220 0.9977965
232.000000 -0.2913168 -0.0554814 0.0531077 -0.0156053 0.0899744 0.0793855 0.9926525
233.000000 -0.3027020 -0.0640975 0.0588424 -0.0194263 0.1041232 0.0823377 0.9909599
239.000000 -0.3674148 -0.0819672 0.0911760 -0.0198415 0.1546129 0.0797955 0.9845476
241.000000 -0.3902019 -0.0849778 0.1053456 -0.0222415 0.1644607 0.0743185 0.9833284
247.000000 -0.4418093 -0.1256756 0.1555895 -0.0372493 0.1920253 0.0664327 0.9784301
249.000000 -0.4572656 -0.1309038 0.1722423 -0.0347237 0.1917571 0.0659470 0.9786084
251.000000 -0.4670368 -0.1521605 0.1891143 -0.0370527 0.1930797 0.0617751 0.9785352
253.000000 -0.4742960 -0.1560740 0.2021854 -0.0311629 0.1926904 0.0548065 0.9792321
255.000000 -0.4803710 -0.1641659 0.2165202 -0.0264811 0.1910264 0.0452774 0.9801825
257.000000 -0.4799342 -0.1602174 0.2283478 -0.0229156 0.1953656 0.0356665 0.9798138
