210.000000 0.0000000 0.0000000 0.0000000 0.0000000 0.0000000 0.0000000 1.0000000
211.000000 -0.0204313 0.0049288 -0.0030064 0.0006710 0.0019311 -0.0025372 0.9999947
212.000000 -0.0423410 0.0101869 -0.0058673 -0.0022544 0.0040755 -0.0050641 0.9999763
214.000000 -0.0805987 0.0058445 -0.0062658 -0.0124709 0.0033364 -0.0011241 0.9999160
218.000000 -0.1525902 -0.0017942 -0.0035116 -0.0215858 0.0105379 0.0099660 0.9996618
219.000000 -0.1753965 -0.0047512 -0.0047641 -0.0229128 0.0099430 0.0163652 0.9995540
220.000000 -0.1910893 -0.0125533 -0.0027801 -0.0253915 0.0018852 0.0283153 0.9992747
224.000000 -0.2255328 -0.0286471 0.0200476 -0.0263963 -0.0064429 0.0510707 0.9983253
228.000000 -0.2659101 -0.0445153 0.0387570 -0.0165593 0.0340340 0.0568378 0.9976658
232.000000 -0.3015922 -0.0568072 0.0567424 -0.0156746 0.0933749 0.0794914 0.9923288
233.000000 -0.3139489 -0.0654320 0.0630676 -0.0193633 0.1080231 0.0825029 0.9905298
235.000000 -0.3353435 -0.0736511 0.0740019 -0.0184252 0.1308491 0.0842153 0.9876471
239.000000 -0.3802667 -0.0836358 0.0984942 -0.0198433 0.1593511 0.0801410 0.9837636
241.000000 -0.4032458 -0.0861661 0.1134456 -0.0220253 0.1692636 0.0746801 0.9824905
243.000000 -0.4219270 -0.0947369 0.1304654 -0.0300540 0.1833190 0.0662485 0.9803581
245.000000 -0.4396578 -0.1106674 0.1503162 -0.0397680 0.1912975 0.0653173 0.9785486
247.000000 -0.4564502 -0.1261991 0.1679943 -0.0366362 0.1982916 0.0664362 0.9772024
