210.000000 0.0000000 0.0000000 0.0000000 0.0000000 0.0000000 0.0000000 1.0000000
212.000000 -0.0408821 0.0087159 -0.0069199 -0.0030657 0.0038418 -0.0057642 0.9999713
218.000000 -0.1465098 -0.0039604 -0.0086728 -0.0227861 0.0087370 0.0098797 0.9996533
219.000000 -0.1686339 -0.0076046 -0.0111865 -0.0246461 0.0080477 0.0161163 0.9995340
220.000000 -0.1833434 -0.0145936 -0.0094759 -0.0268943 -0.0001786 0.0275340 0.9992590
232.000000 -0.2893563 -0.0620769 0.0409240 -0.0189448 0.0886764 0.0811791 0.9925662
233.000000 -0.3003959 -0.0700437 0.0458797 -0.0224878 0.1025648 0.0837229 0.9909416
241.000000 -0.3926539 -0.0941616 0.0910007 -0.0267303 0.1644180 0.0761690 0.9830822
249.000000 -0.4616283 -0.1437010 0.1576220 -0.0404014 0.1921881 0.0690805 0.9780896
259.000000 -0.4888272 -0.1907976 0.2345969 -0.0393211 0.2014147 0.0364141 0.9780388
261.000000 -0.4850083 -0.2042425 0.2455260 -0.0488885 0.2040101 0.0379676 0.9770098
263.000000 -0.4731846 -0.2066836 0.2432617 -0.0428303 0.2015389 0.0333389 0.9779755
270.000000 -0.4196788 -0.1938506 0.2284344 -0.0438050 0.2252777 0.0457147 0.9722351
272.000000 -0.3993694 -0.1789771 0.2194317 -0.0413605 0.2341823 0.0581831 0.9695683
295.000000 -0.3288966 0.0206847 0.1389276 -0.1746968 0.2085913 0.0540788 0.9607529
298.000000 -0.3264638 0.0404579 0.1134695 -0.1713853 0.1929708 0.0197337 0.9659192
304.000000 -0.2634949 0.0724888 0.0364775 -0.1786123 0.1486424 -0.0194529 0.9724324
310.000000 -0.1911733 0.0749486 -0.0300404 -0.1608098 0.1048375 -0.0581737 0.9796761
314.000000 -0.1341659 0.0735460 -0.0676791 -0.1473427 0.0834546 -0.0828169 0.9820727
326.000000 0.0560420 0.0065938 -0.1277454 -0.1317075 0.0400431 -0.1038131 0.9850241
330.000000 0.1207047 -0.0459068 -0.1521008 -0.1176905 0.0305987 -0.1230612 0.9849206
332.000000 0.1465030 -0.0868295 -0.1655958 -0.1160807 0.0272685 -0.1438610 0.9823878
338.000000 0.2029188 -0.1825791 -0.2143386 -0.1024302 0.0045542 -0.1871415 0.9769675
340.000000 0.2113815 -0.2066710 -0.2338907 -0.0924834 0.0017048 -0.1996956 0.9754822
342.000000 0.2085162 -0.2380147 -0.2511983 -0.0844958 -0.0124587 -0.2034128 0.9753607
344.000000 0.2262987 -0.2434939 -0.2733080 -0.0725302 -0.0452272 -0.2035487 0.9753265
347.000000 0.2600549 -0.2937228 -0.2843032 -0.0811207 -0.0933007 -0.2143029 0.9689111
350.000000 0.2966643 -0.3395138 -0.3015639 -0.0733957 -0.1116069 -0.2371178 0.9622537
352.000000 0.3253928 -0.3649723 -0.3170761 -0.0671602 -0.1193603 -0.2495931 0.9586167
354.000000 0.3486549 -0.4336748 -0.3253874 -0.0718065 -0.1255159 -0.2697791 0.9520025
356.000000 0.3653793 -0.4721487 -0.3443246 -0.0433393 -0.1137888 -0.2871343 0.9501199
360.000000 0.3666782 -0.4985238 -0.3632166 0.0253343 -0.1252637 -0.3441314 0.9301832
362.000000 0.3768439 -0.5025106 -0.3627213 0.0374673 -0.1616196 -0.3646538 0.9162439
364.000000 0.3914138 -0.5331186 -0.3333081 0.0302583 -0.1944100 -0.4008865 0.8947509
368.000000 0.4086041 -0.5565299 -0.2801858 0.0601239 -0.2227013 -0.4592979 0.8578081
370.000000 0.4591619 -0.5300073 -0.2329192 0.0469241 -0.2448201 -0.4875703 0.8367416
372.000000 0.4660301 -0.5391299 -0.1883259 0.0136053 -0.2564278 -0.5068871 0.8228762
374.000000 0.4830365 -0.5468209 -0.1461675 -0.0138004 -0.2669010 -0.5171052 0.8131271
379.000000 0.5486234 -0.5732055 -0.0488898 -0.0723161 -0.3282338 -0.4653185 0.8188478
382.000000 0.6072716 -0.5969005 -0.0001080 -0.0954011 -0.3585223 -0.4371831 0.8192871
385.000000 0.6759811 -0.6178985 0.0410111 -0.0966269 -0.3836235 -0.4072642 0.8231842
388.000000 0.7489321 -0.6377089 0.0857061 -0.0990005 -0.4112629 -0.3754421 0.8246847
395.000000 0.9314128 -0.6579535 0.2011992 -0.0645694 -0.4353519 -0.3256609 0.8368061
403.000000 1.1157764 -0.6405554 0.2514166 -0.0824603 -0.4483801 -0.3330825 0.8253555
406.000000 1.1794080 -0.6804289 0.2721084 -0.0724849 -0.4468833 -0.3575538 0.8168210
408.000000 1.1998641 -0.7009619 0.2709071 -0.0708800 -0.4337617 -0.3713404 0.8178833
411.000000 1.2601907 -0.7206505 0.2844407 -0.0684407 -0.4466669 -0.3757660 0.8090763
413.000000 1.2940607 -0.7398719 0.3064070 -0.0697536 -0.4433931 -0.3784865 0.8094968
418.000000 1.3639020 -0.7875952 0.3648346 -0.0709985 -0.4429844 -0.4072921 0.7955106
420.000000 1.3850166 -0.8063276 0.3858272 -0.0590781 -0.4490882 -0.4153896 0.7888479
422.000000 1.4038907 -0.8223907 0.4049209 -0.0662415 -0.4566055 -0.4178212 0.7826551
424.000000 1.4269185 -0.8407103 0.4209741 -0.0717631 -0.4800320 -0.4149814 0.7695517
436.000000 1.5315133 -0.9503769 0.5278929 -0.0615173 -0.5384982 -0.4502043 0.7096135
438.000000 1.5521322 -0.9655862 0.5430185 -0.0699490 -0.5470544 -0.4559137 0.6985567
448.000000 1.5862396 -1.0638541 0.6339797 -0.0788869 -0.5843290 -0.4635383 0.6614142
452.000000 1.5541716 -1.0892266 0.6763048 -0.0667092 -0.6024922 -0.4545940 0.6526081
454.000000 1.5357859 -1.0946084 0.6992137 -0.0650551 -0.6167720 -0.4495733 0.6428406
458.000000 1.4761927 -1.1100106 0.7524045 -0.0580176 -0.6312291 -0.4490071 0.6297432
462.000000 1.4187784 -1.1252589 0.8064955 -0.0567279 -0.6412905 -0.4528013 0.6168463
470.000000 1.2813338 -1.2092690 0.8682038 -0.0726165 -0.6311896 -0.4555129 0.6235660
476.000000 1.1874268 -1.2659745 0.8480418 -0.0683188 -0.6279178 -0.4778134 0.6105294
478.000000 1.1577852 -1.2811486 0.8384795 -0.0654155 -0.6390216 -0.4760161 0.6006503
481.000000 1.1120570 -1.3016566 0.8254657 -0.0551856 -0.6490648 -0.4782091 0.5890548
483.000000 1.0950439 -1.3085644 0.8313999 -0.0508821 -0.6470028 -0.4826606 0.5880792
490.000000 1.0312954 -1.2998486 0.8356136 -0.0919106 -0.5987725 -0.5474207 0.5773686
493.000000 0.9990708 -1.2807808 0.8329424 -0.0914289 -0.5697508 -0.5744020 0.5805920
499.000000 0.9544969 -1.2441092 0.8696547 -0.0856999 -0.5336983 -0.6081103 0.5813979
501.000000 0.9470797 -1.2127559 0.8771877 -0.0740377 -0.5209849 -0.6182248 0.5838588
503.000000 0.9461207 -1.1896300 0.8960490 -0.0820611 -0.5196022 -0.6205261 0.5815727
506.000000 0.9355706 -1.1553460 0.9168700 -0.1010112 -0.5041401 -0.6315458 0.5803356
510.000000 0.9419619 -1.0927153 0.9373276 -0.1151848 -0.4823536 -0.6356397 0.5916331
512.000000 0.9477583 -1.0625319 0.9438611 -0.1286916 -0.4790033 -0.6359346 0.5912542
514.000000 0.9575373 -1.0223508 0.9457848 -0.1373613 -0.4765039 -0.6329519 0.5945148
517.000000 0.9723400 -0.9727284 0.9369227 -0.1466822 -0.4772876 -0.6306474 0.5941083
520.000000 0.9911855 -0.9270692 0.9208521 -0.1539600 -0.4729787 -0.6301064 0.5962830
523.000000 1.0103405 -0.8840060 0.8979192 -0.1649049 -0.4687359 -0.6264217 0.6005738
526.000000 1.0259748 -0.8434082 0.8736719 -0.1816460 -0.4579706 -0.6265134 0.6039442
529.000000 1.0419500 -0.8035967 0.8467920 -0.1918355 -0.4551995 -0.6233195 0.6061893
532.000000 1.0496495 -0.7757981 0.8186458 -0.1942457 -0.4576444 -0.6220185 0.6049159
