210.000000 0.0000000 0.0000000 0.0000000 0.0000000 0.0000000 0.0000000 1.0000000
212.000000 -0.0408821 0.0087159 -0.0069199 -0.0030657 0.0038418 -0.0057642 0.9999713
218.000000 -0.1465098 -0.0039604 -0.0086728 -0.0227861 0.0087370 0.0098797 0.9996533
219.000000 -0.1686339 -0.0076046 -0.0111865 -0.0246461 0.0080477 0.0161163 0.9995340
220.000000 -0.1833434 -0.0145936 -0.0094759 -0.0268943 -0.0001786 0.0275340 0.9992590
232.000000 -0.2893563 -0.0620769 0.0409240 -0.0189448 0.0886764 0.0811791 0.9925662
233.000000 -0.3003959 -0.0700437 0.0458797 -0.0224878 0.1025648 0.0837229 0.9909416
241.000000 -0.3926539 -0.0941616 0.0910007 -0.0267303 0.1644180 0.0761690 0.9830822
249.000000 -0.4616283 -0.1437010 0.1576220 -0.0404014 0.1921881 0.0690805 0.9780896
259.000000 -0.4888272 -0.1907976 0.2345969 -0.0393211 0.2014147 0.0364141 0.9780388
261.000000 -0.4850083 -0.2042425 0.2455260 -0.0488885 0.2040101 0.0379676 0.9770098
263.000000 -0.4731846 -0.2066836 0.2432617 -0.0428303 0.2015389 0.0333389 0.9779755
270.000000 -0.4196788 -0.1938506 0.2284344 -0.0438050 0.2252777 0.0457147 0.9722351
272.000000 -0.3993694 -0.1789771 0.2194317 -0.0413605 0.2341823 0.0581831 0.9695683
295.000000 -0.3288966 0.0206847 0.1389276 -0.1746968 0.2085913 0.0540788 0.9607529
298.000000 -0.3264638 0.0404579 0.1134695 -0.1713853 0.1929708 0.0197337 0.9659192
304.000000 -0.2634949 0.0724888 0.0364775 -0.1786123 0.1486424 -0.0194529 0.9724324
310.000000 -0.1911733 0.0749486 -0.0300404 -0.1608098 0.1048375 -0.0581737 0.9796761
314.000000 -0.1341659 0.0735460 -0.0676791 -0.1473427 0.0834546 -0.0828169 0.9820727
326.000000 0.0560420 0.0065938 -0.1277454 -0.1317075 0.0400431 -0.1038131 0.9850241
330.000000 0.1207047 -0.0459068 -0.1521008 -0.1176905 0.0305987 -0.1230612 0.9849206
332.000000 0.1465030 -0.0868295 -0.1655958 -0.1160807 0.0272685 -0.1438610 0.9823878
338.000000 0.2029188 -0.1825791 -0.2143386 -0.1024302 0.0045542 -0.1871415 0.9769675
340.000000 0.2113815 -0.2066710 -0.2338907 -0.0924834 0.0017048 -0.1996956 0.9754822
342.000000 0.2085162 -0.2380147 -0.2511983 -0.0844958 -0.0124587 -0.2034128 0.9753607
344.000000 0.2262987 -0.2434939 -0.2733080 -0.0725302 -0.0452272 -0.2035487 0.9753265
347.000000 0.2600549 -0.2937228 -0.2843032 -0.0811207 -0.0933007 -0.2143029 0.9689111
350.000000 0.2966643 -0.3395138 -0.3015639 -0.0733957 -0.1116069 -0.2371178 0.9622537
352.000000 0.3253928 -0.3649723 -0.3170761 -0.0671602 -0.1193603 -0.2495931 0.9586167
354.000000 0.3486549 -0.4336748 -0.3253874 -0.0718065 -0.1255159 -0.2697791 0.9520025
356.000000 0.3653793 -0.4721487 -0.3443246 -0.0433393 -0.1137888 -0.2871343 0.9501199
360.000000 0.3666782 -0.4985238 -0.3632166 0.0253343 -0.1252637 -0.3441314 0.9301832
362.000000 0.3768439 -0.5025106 -0.3627213 0.0374673 -0.1616196 -0.3646538 0.9162439
364.000000 0.3914138 -0.5331186 -0.3333081 0.0302583 -0.1944100 -0.4008865 0.8947509
368.000000 0.4086041 -0.5565299 -0.2801858 0.0601239 -0.2227013 -0.4592979 0.8578081
370.000000 0.4591619 -0.5300073 -0.2329192 0.0469241 -0.2448201 -0.4875703 0.8367416
372.000000 0.4660301 -0.5391299 -0.1883259 0.0136053 -0.2564278 -0.5068871 0.8228762
374.000000 0.4830365 -0.5468209 -0.1461675 -0.0138004 -0.2669010 -0.5171052 0.8131271
379.000000 0.5478120 -0.5727652 -0.0496581 -0.0722533 -0.3278223 -0.4655675 0.8188766
382.000000 0.6062400 -0.5959952 -0.0008997 -0.0951677 -0.3579973 -0.4375853 0.8193291
385.000000 0.6750883 -0.6170836 0.0401041 -0.0963660 -0.3831343 -0.4076631 0.8232450
388.000000 0.7486972 -0.6371944 0.0853287 -0.0987897 -0.4110689 -0.3756246 0.8247237
391.000000 0.8204297 -0.6494901 0.1307542 -0.0930891 -0.4299643 -0.3469079 0.8283236
395.000000 0.9315782 -0.6581630 0.2009235 -0.0645675 -0.4353515 -0.3257638 0.8367664
403.000000 1.1165094 -0.6404702 0.2509261 -0.0822363 -0.4482043 -0.3332598 0.8254017
406.000000 1.1808221 -0.6807947 0.2721660 -0.0721464 -0.4470569 -0.3577893 0.8166528
408.000000 1.2014992 -0.7018264 0.2711275 -0.0707224 -0.4339840 -0.3714599 0.8177248
411.000000 1.2623022 -0.7219709 0.2852785 -0.0683491 -0.4471436 -0.3758785 0.8087684
413.000000 1.2966156 -0.7406484 0.3083962 -0.0695161 -0.4441603 -0.3784180 0.8091285
418.000000 1.3655800 -0.7879900 0.3681595 -0.0706960 -0.4439327 -0.4074125 0.7949471
420.000000 1.3865941 -0.8078084 0.3882716 -0.0590720 -0.4497817 -0.4156367 0.7883229
422.000000 1.4055204 -0.8235074 0.4070784 -0.0659220 -0.4571657 -0.4182931 0.7821027
424.000000 1.4283633 -0.8412368 0.4239188 -0.0712988 -0.4808211 -0.4153727 0.7688908
434.000000 1.5130899 -0.9346440 0.5169730 -0.0650266 -0.5282232 -0.4453591 0.7200050
436.000000 1.5317111 -0.9499478 0.5331708 -0.0610384 -0.5396770 -0.4504697 0.7085902
438.000000 1.5521038 -0.9649618 0.5483921 -0.0695735 -0.5481666 -0.4561219 0.6975857
448.000000 1.5850136 -1.0581830 0.6430994 -0.0773838 -0.5862331 -0.4630489 0.6602485
452.000000 1.5522188 -1.0812426 0.6848507 -0.0648973 -0.6041780 -0.4540322 0.6516227
454.000000 1.5340002 -1.0871307 0.7078429 -0.0633879 -0.6185620 -0.4489009 0.6417562
458.000000 1.4735458 -1.1023554 0.7608801 -0.0565034 -0.6330317 -0.4483870 0.6285120
462.000000 1.4160525 -1.1165243 0.8146788 -0.0551315 -0.6430624 -0.4519298 0.6157846
464.000000 1.3774664 -1.1369715 0.8396786 -0.0606154 -0.6418130 -0.4532486 0.6156034
466.000000 1.3364974 -1.1609911 0.8566322 -0.0634650 -0.6386472 -0.4548120 0.6174529
468.000000 1.3146678 -1.1739101 0.8725641 -0.0630380 -0.6366013 -0.4511926 0.6222460
470.000000 1.2771930 -1.1992465 0.8794914 -0.0720182 -0.6337981 -0.4537696 0.6222591
472.000000 1.2407308 -1.2212636 0.8822094 -0.0735123 -0.6295469 -0.4618119 0.6204808
474.000000 1.2181942 -1.2381462 0.8754432 -0.0602714 -0.6326565 -0.4689124 0.6133794
