210.000000 0.0000000 0.0000000 0.0000000 0.0000000 0.0000000 0.0000000 1.0000000
211.000000 -0.0200637 0.0047129 -0.0031651 0.0005613 0.0018072 -0.0025997 0.9999948
212.000000 -0.0413962 0.0099354 -0.0058844 -0.0023497 0.0037784 -0.0051163 0.9999770
214.000000 -0.0788460 0.0057483 -0.0063564 -0.0125200 0.0027930 -0.0012890 0.9999169
218.000000 -0.1491169 -0.0018693 -0.0038612 -0.0216618 0.0094618 0.0097834 0.9996727
219.000000 -0.1714552 -0.0046538 -0.0051843 -0.0229495 0.0087301 0.0161275 0.9995684
220.000000 -0.1866391 -0.0126652 -0.0033944 -0.0256222 0.0004566 0.0282044 0.9992737
224.000000 -0.2205109 -0.0281632 0.0189448 -0.0264171 -0.0080373 0.0508328 0.9983254
228.000000 -0.2599992 -0.0432621 0.0373387 -0.0162802 0.0320799 0.0564860 0.9977551
232.000000 -0.2954155 -0.0558946 0.0545900 -0.0156087 0.0913709 0.0793735 0.9925259
233.000000 -0.3070747 -0.0643598 0.0608458 -0.0192780 0.1056590 0.0823052 0.9908029
239.000000 -0.3723592 -0.0818599 0.0948410 -0.0194568 0.1565333 0.0798239 0.9842494
241.000000 -0.3952659 -0.0848998 0.1094443 -0.0218783 0.1664422 0.0743328 0.9830020
243.000000 -0.4136480 -0.0934845 0.1259626 -0.0299591 0.1802797 0.0658663 0.9809502
245.000000 -0.4312240 -0.1089475 0.1449150 -0.0393946 0.1880004 0.0650750 0.9792187
247.000000 -0.4476777 -0.1253279 0.1616782 -0.0367304 0.1947541 0.0661490 0.9779295
249.000000 -0.4623463 -0.1310006 0.1785801 -0.0344421 0.1942076 0.0657493 0.9781483
