210.000000 0.0000000 0.0000000 0.0000000 0.0000000 0.0000000 0.0000000 1.0000000
211.000000 -0.0197836 0.0048129 -0.0029712 0.0006153 0.0017135 -0.0026173 0.9999949
212.000000 -0.0409315 0.0099554 -0.0057447 -0.0023125 0.0036284 -0.0051150 0.9999776
214.000000 -0.0778964 0.0059402 -0.0061583 -0.0124184 0.0024888 -0.0013557 0.9999189
218.000000 -0.1469868 -0.0017370 -0.0036803 -0.0216194 0.0087432 0.0097836 0.9996802
219.000000 -0.1690139 -0.0042960 -0.0050195 -0.0228081 0.0079034 0.0160620 0.9995796
220.000000 -0.1840570 -0.0120974 -0.0031670 -0.0253910 -0.0003822 0.0280801 0.9992831
224.000000 -0.2176480 -0.0277258 0.0186485 -0.0263084 -0.0090165 0.0506941 0.9983270
228.000000 -0.2567335 -0.0425651 0.0368344 -0.0160676 0.0309464 0.0563909 0.9977997
232.000000 -0.2919264 -0.0551085 0.0538544 -0.0154152 0.0901669 0.0792430 0.9926494
233.000000 -0.3033878 -0.0635871 0.0599130 -0.0190837 0.1043954 0.0823038 0.9909407
239.000000 -0.3683974 -0.0812068 0.0928374 -0.0193539 0.1550502 0.0797557 0.9844917
241.000000 -0.3910819 -0.0840276 0.1071202 -0.0216712 0.1648239 0.0742379 0.9832864
245.000000 -0.4260606 -0.1077181 0.1416512 -0.0390083 0.1858597 0.0650060 0.9796473
247.000000 -0.4429802 -0.1243375 0.1580687 -0.0365234 0.1927096 0.0661121 0.9783447
249.000000 -0.4574753 -0.1296180 0.1746566 -0.0340170 0.1920257 0.0657257 0.9785955
251.000000 -0.4680923 -0.1499782 0.1920194 -0.0358891 0.1937789 0.0611985 0.9784766
253.000000 -0.4753748 -0.1542825 0.2050539 -0.0301672 0.1934642 0.0544212 0.9791322
255.000000 -0.4809342 -0.1629478 0.2190592 -0.0258944 0.1915015 0.0446764 0.9801330
