210.000000 0.0000000 0.0000000 0.0000000 0.0000000 0.0000000 0.0000000 1.0000000
212.000000 -0.0411928 0.0089721 -0.0068987 -0.0029242 0.0038366 -0.0056468 0.9999724
218.000000 -0.1479768 -0.0040427 -0.0084992 -0.0228101 0.0089661 0.0099199 0.9996504
219.000000 -0.1704315 -0.0079651 -0.0111040 -0.0247636 0.0083429 0.0162619 0.9995263
220.000000 -0.1852083 -0.0152868 -0.0093524 -0.0271088 0.0001056 0.0278052 0.9992457
232.000000 -0.2925083 -0.0627268 0.0418756 -0.0190135 0.0893168 0.0811719 0.9925080
233.000000 -0.3038202 -0.0709096 0.0469100 -0.0226276 0.1033059 0.0837168 0.9908620
241.000000 -0.3967445 -0.0949886 0.0929528 -0.0267984 0.1652855 0.0760940 0.9829406
249.000000 -0.4664285 -0.1450618 0.1605397 -0.0406360 0.1933358 0.0689872 0.9778603
259.000000 -0.4936987 -0.1919308 0.2383742 -0.0394215 0.2026327 0.0361022 0.9777948
261.000000 -0.4897656 -0.2055947 0.2493049 -0.0490554 0.2051949 0.0377015 0.9767637
263.000000 -0.4778623 -0.2080779 0.2469982 -0.0430149 0.2027090 0.0330598 0.9777350
270.000000 -0.4240431 -0.1953384 0.2318164 -0.0440180 0.2263870 0.0454445 0.9719805
272.000000 -0.4034136 -0.1805549 0.2226027 -0.0416554 0.2351580 0.0579323 0.9693345
295.000000 -0.3319137 0.0213216 0.1407320 -0.1743420 0.2090459 0.0541852 0.9607126
298.000000 -0.3294082 0.0413365 0.1150814 -0.1709877 0.1933918 0.0198271 0.9659036
304.000000 -0.2659692 0.0735275 0.0372717 -0.1783057 0.1489913 -0.0193250 0.9724377
310.000000 -0.1927825 0.0761755 -0.0299055 -0.1604411 0.1049885 -0.0581309 0.9797229
314.000000 -0.1353577 0.0748782 -0.0678516 -0.1469209 0.0836290 -0.0828439 0.9821188
326.000000 0.0569297 0.0071875 -0.1286062 -0.1314119 0.0398238 -0.1038268 0.9850711
330.000000 0.1221458 -0.0456519 -0.1530759 -0.1173324 0.0303865 -0.1232164 0.9849505
332.000000 0.1479924 -0.0872280 -0.1668024 -0.1159098 0.0271321 -0.1439774 0.9823947
338.000000 0.2051958 -0.1844019 -0.2157640 -0.1025051 0.0041878 -0.1872903 0.9769327
340.000000 0.2138202 -0.2088779 -0.2354053 -0.0926545 0.0013138 -0.1997849 0.9754483
342.000000 0.2113164 -0.2402406 -0.2525164 -0.0845650 -0.0129444 -0.2034764 0.9753351
344.000000 0.2293889 -0.2462832 -0.2752241 -0.0727852 -0.0458003 -0.2035932 0.9752715
347.000000 0.2632119 -0.2982433 -0.2861708 -0.0818862 -0.0939938 -0.2143127 0.9687775
350.000000 0.3007269 -0.3450830 -0.3034754 -0.0743419 -0.1125574 -0.2370439 0.9620885
352.000000 0.3299695 -0.3717599 -0.3190539 -0.0684219 -0.1204986 -0.2494788 0.9584147
354.000000 0.3547193 -0.4418753 -0.3253582 -0.0732174 -0.1272307 -0.2697725 0.9516693
356.000000 0.3696930 -0.4801319 -0.3459723 -0.0448056 -0.1149523 -0.2872849 0.9498662
358.000000 0.3693008 -0.5033790 -0.3576050 -0.0027966 -0.1120595 -0.3129945 0.9431168
360.000000 0.3715663 -0.5086138 -0.3627325 0.0234950 -0.1269628 -0.3442510 0.9299568
362.000000 0.3813531 -0.5121977 -0.3625618 0.0356442 -0.1632062 -0.3644718 0.9161078
364.000000 0.3970270 -0.5433624 -0.3319196 0.0285032 -0.1965138 -0.4007618 0.8944048
366.000000 0.4055243 -0.5776579 -0.3077198 0.0394035 -0.2128021 -0.4298798 0.8765649
368.000000 0.4139749 -0.5678020 -0.2795230 0.0582940 -0.2248870 -0.4591826 0.8574257
370.000000 0.4662931 -0.5394475 -0.2316263 0.0456989 -0.2472247 -0.4871385 0.8363538
372.000000 0.4741820 -0.5489185 -0.1862094 0.0126312 -0.2593825 -0.5062114 0.8223814
374.000000 0.4914628 -0.5565851 -0.1413128 -0.0148427 -0.2704368 -0.5161906 0.8125213
376.000000 0.5177994 -0.5562740 -0.0999282 -0.0403228 -0.2879448 -0.4979900 0.8169870
379.000000 0.5574145 -0.5785196 -0.0423995 -0.0719697 -0.3313136 -0.4648102 0.8179261
