210.000000 0.0000000 0.0000000 0.0000000 0.0000000 0.0000000 0.0000000 1.0000000
212.000000 -0.0408821 0.0087159 -0.0069199 -0.0030657 0.0038418 -0.0057642 0.9999713
218.000000 -0.1465098 -0.0039604 -0.0086728 -0.0227861 0.0087370 0.0098797 0.9996533
219.000000 -0.1686339 -0.0076046 -0.0111865 -0.0246461 0.0080477 0.0161163 0.9995340
220.000000 -0.1833434 -0.0145936 -0.0094759 -0.0268943 -0.0001786 0.0275340 0.9992590
232.000000 -0.2893563 -0.0620769 0.0409240 -0.0189448 0.0886764 0.0811791 0.9925662
233.000000 -0.3003959 -0.0700437 0.0458797 -0.0224878 0.1025648 0.0837229 0.9909416
241.000000 -0.3926539 -0.0941616 0.0910007 -0.0267303 0.1644180 0.0761690 0.9830822
249.000000 -0.4616283 -0.1437010 0.1576220 -0.0404014 0.1921881 0.0690805 0.9780896
259.000000 -0.4888272 -0.1907976 0.2345969 -0.0393211 0.2014147 0.0364141 0.9780388
261.000000 -0.4850083 -0.2042425 0.2455260 -0.0488885 0.2040101 0.0379676 0.9770098
263.000000 -0.4731846 -0.2066836 0.2432617 -0.0428303 0.2015389 0.0333389 0.9779755
270.000000 -0.4196788 -0.1938506 0.2284344 -0.0438050 0.2252777 0.0457147 0.9722351
272.000000 -0.3993694 -0.1789771 0.2194317 -0.0413605 0.2341823 0.0581831 0.9695683
295.000000 -0.3288966 0.0206847 0.1389276 -0.1746968 0.2085913 0.0540788 0.9607529
298.000000 -0.3264638 0.0404579 0.1134695 -0.1713853 0.1929708 0.0197337 0.9659192
304.000000 -0.2634949 0.0724888 0.0364775 -0.1786123 0.1486424 -0.0194529 0.9724324
310.000000 -0.1911733 0.0749486 -0.0300404 -0.1608098 0.1048375 -0.0581737 0.9796761
314.000000 -0.1341659 0.0735460 -0.0676791 -0.1473427 0.0834546 -0.0828169 0.9820727
326.000000 0.0560420 0.0065938 -0.1277454 -0.1317075 0.0400431 -0.1038131 0.9850241
330.000000 0.1207047 -0.0459068 -0.1521008 -0.1176905 0.0305987 -0.1230612 0.9849206
332.000000 0.1465030 -0.0868295 -0.1655958 -0.1160807 0.0272685 -0.1438610 0.9823878
338.000000 0.2029188 -0.1825791 -0.2143386 -0.1024302 0.0045542 -0.1871415 0.9769675
340.000000 0.2113815 -0.2066710 -0.2338907 -0.0924834 0.0017048 -0.1996956 0.9754822
342.000000 0.2085162 -0.2380147 -0.2511983 -0.0844958 -0.0124587 -0.2034128 0.9753607
344.000000 0.2262987 -0.2434939 -0.2733080 -0.0725302 -0.0452272 -0.2035487 0.9753265
347.000000 0.2600549 -0.2937228 -0.2843032 -0.0811207 -0.0933007 -0.2143029 0.9689111
350.000000 0.2966643 -0.3395138 -0.3015639 -0.0733957 -0.1116069 -0.2371178 0.9622537
352.000000 0.3253928 -0.3649723 -0.3170761 -0.0671602 -0.1193603 -0.2495931 0.9586167
354.000000 0.3486549 -0.4336748 -0.3253874 -0.0718065 -0.1255159 -0.2697791 0.9520025
356.000000 0.3653793 -0.4721487 -0.3443246 -0.0433393 -0.1137888 -0.2871343 0.9501199
360.000000 0.3666782 -0.4985238 -0.3632166 0.0253343 -0.1252637 -0.3441314 0.9301832
362.000000 0.3768439 -0.5025106 -0.3627213 0.0374673 -0.1616196 -0.3646538 0.9162439
364.000000 0.3914138 -0.5331186 -0.3333081 0.0302583 -0.1944100 -0.4008865 0.8947509
368.000000 0.4086041 -0.5565299 -0.2801858 0.0601239 -0.2227013 -0.4592979 0.8578081
370.000000 0.4591619 -0.5300073 -0.2329192 0.0469241 -0.2448201 -0.4875703 0.8367416
372.000000 0.4660301 -0.5391299 -0.1883259 0.0136053 -0.2564278 -0.5068871 0.8228762
374.000000 0.4830365 -0.5468209 -0.1461675 -0.0138004 -0.2669010 -0.5171052 0.8131271
379.000000 0.5486234 -0.5732055 -0.0488898 -0.0723161 -0.3282338 -0.4653185 0.8188478
382.000000 0.6073704 -0.5968724 0.0000571 -0.0953735 -0.3585823 -0.4371670 0.8192727
385.000000 0.6759811 -0.6178985 0.0410111 -0.0966269 -0.3836235 -0.4072642 0.8231842
388.000000 0.7489321 -0.6377089 0.0857061 -0.0990005 -0.4112629 -0.3754421 0.8246847
395.000000 0.9311800 -0.6574261 0.2014956 -0.0643403 -0.4354593 -0.3258114 0.8367093
403.000000 1.1165258 -0.6403074 0.2514307 -0.0820833 -0.4484664 -0.3332613 0.8252739
406.000000 1.1807581 -0.6804567 0.2724532 -0.0719749 -0.4471887 -0.3578181 0.8165832
408.000000 1.2013812 -0.7012413 0.2714078 -0.0704957 -0.4341052 -0.3714885 0.8176670
411.000000 1.2619474 -0.7214954 0.2854840 -0.0682006 -0.4472405 -0.3758927 0.8087208
413.000000 1.2956755 -0.7403545 0.3079220 -0.0695029 -0.4439482 -0.3785879 0.8091666
418.000000 1.3654571 -0.7880921 0.3675300 -0.0706551 -0.4438708 -0.4074536 0.7949643
420.000000 1.3863451 -0.8076020 0.3874745 -0.0589345 -0.4496555 -0.4157030 0.7883703
422.000000 1.4053378 -0.8235274 0.4060032 -0.0658700 -0.4569538 -0.4183428 0.7822044
424.000000 1.4283340 -0.8414398 0.4226049 -0.0712862 -0.4805401 -0.4153805 0.7690634
434.000000 1.5135761 -0.9352136 0.5149857 -0.0649608 -0.5277966 -0.4454789 0.7202495
436.000000 1.5322580 -0.9506899 0.5315439 -0.0610400 -0.5393631 -0.4505224 0.7087955
438.000000 1.5530572 -0.9661216 0.5467852 -0.0695545 -0.5479241 -0.4561735 0.6977443
448.000000 1.5865954 -1.0600293 0.6413159 -0.0772907 -0.5860077 -0.4631978 0.6603552
452.000000 1.5539860 -1.0842490 0.6836153 -0.0650219 -0.6041136 -0.4541236 0.6516062
454.000000 1.5356920 -1.0900056 0.7065016 -0.0635177 -0.6184253 -0.4490154 0.6417950
458.000000 1.4756235 -1.1051652 0.7595469 -0.0564578 -0.6328836 -0.4484467 0.6286227
462.000000 1.4179591 -1.1201022 0.8133708 -0.0551809 -0.6429501 -0.4521732 0.6157187
468.000000 1.3164288 -1.1776153 0.8712572 -0.0631619 -0.6365444 -0.4515045 0.6220655
470.000000 1.2787846 -1.2030404 0.8773742 -0.0717613 -0.6335538 -0.4543850 0.6220886
476.000000 1.1848345 -1.2613519 0.8578112 -0.0679172 -0.6303773 -0.4768151 0.6088178
478.000000 1.1545639 -1.2755961 0.8476997 -0.0650412 -0.6412698 -0.4750282 0.5990751
481.000000 1.1088103 -1.2962859 0.8351287 -0.0549756 -0.6513690 -0.4770619 0.5874590
483.000000 1.0913510 -1.3023456 0.8423454 -0.0508669 -0.6495757 -0.4812243 0.5864190
490.000000 1.0305686 -1.2922751 0.8453592 -0.0910725 -0.6012999 -0.5457501 0.5764555
493.000000 0.9983876 -1.2742254 0.8431576 -0.0909898 -0.5724748 -0.5726294 0.5797319
496.000000 0.9777979 -1.2537382 0.8610080 -0.0954233 -0.5604125 -0.5851992 0.5782509
499.000000 0.9561207 -1.2355353 0.8844010 -0.0846244 -0.5384139 -0.6047395 0.5807231
501.000000 0.9481559 -1.2065296 0.8882477 -0.0734178 -0.5246459 -0.6154578 0.5835822
