210.000000 0.0000000 0.0000000 0.0000000 0.0000000 0.0000000 0.0000000 1.0000000
211.000000 -0.0207816 0.0050685 -0.0030825 0.0007394 0.0020795 -0.0026164 0.9999942
212.000000 -0.0431511 0.0103457 -0.0061694 -0.0021796 0.0044122 -0.0051555 0.9999746
214.000000 -0.0821401 0.0057499 -0.0068116 -0.0125292 0.0039204 -0.0012089 0.9999131
218.000000 -0.1551626 -0.0025029 -0.0038624 -0.0218941 0.0114274 0.0102361 0.9996426
219.000000 -0.1785426 -0.0054890 -0.0052083 -0.0232316 0.0110428 0.0166006 0.9995313
220.000000 -0.1947673 -0.0137774 -0.0034202 -0.0258839 0.0031889 0.0286567 0.9992490
224.000000 -0.2292955 -0.0300800 0.0197017 -0.0269119 -0.0051007 0.0515561 0.9982944
228.000000 -0.2705571 -0.0462193 0.0388220 -0.0171842 0.0357267 0.0572246 0.9975739
232.000000 -0.3069373 -0.0586984 0.0574426 -0.0163136 0.0954109 0.0798535 0.9920958
233.000000 -0.3191989 -0.0669871 0.0642145 -0.0198334 0.1100234 0.0828912 0.9902679
235.000000 -0.3409114 -0.0755541 0.0751243 -0.0190207 0.1329557 0.0846719 0.9873154
236.000000 -0.3544974 -0.0764385 0.0808339 -0.0159028 0.1433161 0.0835020 0.9860198
237.000000 -0.3694384 -0.0762265 0.0871100 -0.0157473 0.1514158 0.0838372 0.9847825
239.000000 -0.3870251 -0.0853539 0.1000838 -0.0203150 0.1619021 0.0804049 0.9833158
241.000000 -0.4104388 -0.0885513 0.1148769 -0.0228220 0.1719715 0.0750632 0.9819728
