210.000000 0.0000000 0.0000000 0.0000000 0.0000000 0.0000000 0.0000000 1.0000000
211.000000 -0.0238757 0.0066174 -0.0020092 0.0014185 0.0031091 -0.0024374 0.9999912
212.000000 -0.0496617 0.0132104 -0.0040940 -0.0009844 0.0066279 -0.0051855 0.9999641
214.000000 -0.0936347 0.0096817 -0.0021591 -0.0106833 0.0076410 -0.0011220 0.9999131
215.000000 -0.1135112 0.0140075 -0.0003034 -0.0113186 0.0089856 0.0017593 0.9998940
216.000000 -0.1335404 0.0113153 0.0014932 -0.0164524 0.0118793 0.0050911 0.9997811
217.000000 -0.1522600 0.0039546 0.0046324 -0.0198679 0.0144352 0.0083302 0.9996637
218.000000 -0.1767557 0.0034975 0.0061228 -0.0187870 0.0187921 0.0101010 0.9995959
219.000000 -0.2028223 0.0004050 0.0064605 -0.0200897 0.0193256 0.0165049 0.9994751
220.000000 -0.2225634 -0.0079207 0.0093421 -0.0225347 0.0132123 0.0277796 0.9992727
