210.000000 0.0000000 0.0000000 0.0000000 0.0000000 0.0000000 0.0000000 1.0000000
212.000000 -0.0408821 0.0087159 -0.0069199 -0.0030657 0.0038418 -0.0057642 0.9999713
218.000000 -0.1465098 -0.0039604 -0.0086728 -0.0227861 0.0087370 0.0098797 0.9996533
219.000000 -0.1686339 -0.0076046 -0.0111865 -0.0246461 0.0080477 0.0161163 0.9995340
220.000000 -0.1833434 -0.0145936 -0.0094759 -0.0268943 -0.0001786 0.0275340 0.9992590
232.000000 -0.2893563 -0.0620769 0.0409240 -0.0189448 0.0886764 0.0811791 0.9925662
233.000000 -0.3003959 -0.0700437 0.0458797 -0.0224878 0.1025648 0.0837229 0.9909416
241.000000 -0.3926539 -0.0941616 0.0910007 -0.0267303 0.1644180 0.0761690 0.9830822
249.000000 -0.4616283 -0.1437010 0.1576220 -0.0404014 0.1921881 0.0690805 0.9780896
259.000000 -0.4888272 -0.1907976 0.2345969 -0.0393211 0.2014147 0.0364141 0.9780388
261.000000 -0.4850083 -0.2042425 0.2455260 -0.0488885 0.2040101 0.0379676 0.9770098
263.000000 -0.4731846 -0.2066836 0.2432617 -0.0428303 0.2015389 0.0333389 0.9779755
270.000000 -0.4196788 -0.1938506 0.2284344 -0.0438050 0.2252777 0.0457147 0.9722351
272.000000 -0.3993694 -0.1789771 0.2194317 -0.0413605 0.2341823 0.0581831 0.9695683
295.000000 -0.3288966 0.0206847 0.1389276 -0.1746968 0.2085913 0.0540788 0.9607529
298.000000 -0.3264638 0.0404579 0.1134695 -0.1713853 0.1929708 0.0197337 0.9659192
304.000000 -0.2634949 0.0724888 0.0364775 -0.1786123 0.1486424 -0.0194529 0.9724324
310.000000 -0.1911733 0.0749486 -0.0300404 -0.1608098 0.1048375 -0.0581737 0.9796761
314.000000 -0.1341659 0.0735460 -0.0676791 -0.1473427 0.0834546 -0.0828169 0.9820727
326.000000 0.0560420 0.0065938 -0.1277454 -0.1317075 0.0400431 -0.1038131 0.9850241
330.000000 0.1207047 -0.0459068 -0.1521008 -0.1176905 0.0305987 -0.1230612 0.9849206
332.000000 0.1465030 -0.0868295 -0.1655958 -0.1160807 0.0272685 -0.1438610 0.9823878
338.000000 0.2029188 -0.1825791 -0.2143386 -0.1024302 0.0045542 -0.1871415 0.9769675
340.000000 0.2113815 -0.2066710 -0.2338907 -0.0924834 0.0017048 -0.1996956 0.9754822
342.000000 0.2085162 -0.2380147 -0.2511983 -0.0844958 -0.0124587 -0.2034128 0.9753607
344.000000 0.2262987 -0.2434939 -0.2733080 -0.0725302 -0.0452272 -0.2035487 0.9753265
347.000000 0.2600549 -0.2937228 -0.2843032 -0.0811207 -0.0933007 -0.2143029 0.9689111
350.000000 0.2966643 -0.3395138 -0.3015639 -0.0733957 -0.1116069 -0.2371178 0.9622537
352.000000 0.3253928 -0.3649723 -0.3170761 -0.0671602 -0.1193603 -0.2495931 0.9586167
354.000000 0.3486549 -0.4336748 -0.3253874 -0.0718065 -0.1255159 -0.2697791 0.9520025
356.000000 0.3653793 -0.4721487 -0.3443246 -0.0433393 -0.1137888 -0.2871343 0.9501199
360.000000 0.3666782 -0.4985238 -0.3632166 0.0253343 -0.1252637 -0.3441314 0.9301832
362.000000 0.3768439 -0.5025106 -0.3627213 0.0374673 -0.1616196 -0.3646538 0.9162439
364.000000 0.3914138 -0.5331186 -0.3333081 0.0302583 -0.1944100 -0.4008865 0.8947509
368.000000 0.4086041 -0.5565299 -0.2801858 0.0601239 -0.2227013 -0.4592979 0.8578081
370.000000 0.4591619 -0.5300073 -0.2329192 0.0469241 -0.2448201 -0.4875703 0.8367416
372.000000 0.4660301 -0.5391299 -0.1883259 0.0136053 -0.2564278 -0.5068871 0.8228762
374.000000 0.4830365 -0.5468209 -0.1461675 -0.0138004 -0.2669010 -0.5171052 0.8131271
379.000000 0.5478120 -0.5727652 -0.0496581 -0.0722533 -0.3278223 -0.4655675 0.8188766
382.000000 0.6062524 -0.5963296 -0.0010162 -0.0952670 -0.3580051 -0.4375740 0.8193202
385.000000 0.6751122 -0.6173328 0.0398345 -0.0964455 -0.3830771 -0.4076108 0.8232883
388.000000 0.7488096 -0.6370214 0.0852087 -0.0987520 -0.4110384 -0.3754964 0.8248017
391.000000 0.8200810 -0.6491073 0.1302243 -0.0930690 -0.4296453 -0.3468880 0.8284997
395.000000 0.9314476 -0.6586133 0.1992485 -0.0649141 -0.4346943 -0.3254206 0.8372147
403.000000 1.1166124 -0.6424609 0.2472790 -0.0831332 -0.4471689 -0.3328711 0.8260301
406.000000 1.1814600 -0.6830822 0.2696344 -0.0732128 -0.4464636 -0.3573174 0.8170890
408.000000 1.2021031 -0.7034073 0.2691368 -0.0715848 -0.4334913 -0.3708253 0.8181990
411.000000 1.2627313 -0.7240498 0.2825788 -0.0694150 -0.4464780 -0.3753773 0.8092780
413.000000 1.2974008 -0.7423762 0.3061661 -0.0704109 -0.4436172 -0.3781520 0.8094734
418.000000 1.3668418 -0.7908075 0.3655299 -0.0719412 -0.4433354 -0.4072010 0.7952770
420.000000 1.3881698 -0.8106802 0.3862171 -0.0602422 -0.4494022 -0.4153379 0.7886083
422.000000 1.4073768 -0.8262944 0.4054989 -0.0669913 -0.4569053 -0.4180371 0.7823008
424.000000 1.4307470 -0.8447636 0.4222977 -0.0724993 -0.4806464 -0.4152026 0.7689796
428.000000 1.4724156 -0.8944132 0.4632010 -0.0767655 -0.5029771 -0.4207515 0.7510588
430.000000 1.4860079 -0.9068992 0.4835688 -0.0722202 -0.5076752 -0.4331200 0.7412537
432.000000 1.5013645 -0.9212766 0.4992752 -0.0675620 -0.5162414 -0.4400647 0.7316237
434.000000 1.5164814 -0.9401100 0.5159416 -0.0663827 -0.5281951 -0.4451837 0.7200102
436.000000 1.5354571 -0.9546044 0.5323130 -0.0623371 -0.5396330 -0.4499520 0.7088395
438.000000 1.5571547 -0.9704693 0.5478953 -0.0707109 -0.5484615 -0.4557574 0.6974777
