210.000000 0.0000000 0.0000000 0.0000000 0.0000000 0.0000000 0.0000000 1.0000000
211.000000 -0.0231797 0.0060224 -0.0024377 0.0011358 0.0028819 -0.0023956 0.9999923
212.000000 -0.0481967 0.0120371 -0.0049246 -0.0014290 0.0061818 -0.0049595 0.9999676
214.000000 -0.0910632 0.0083133 -0.0032978 -0.0112948 0.0069065 -0.0009476 0.9999119
217.000000 -0.1480877 0.0022723 0.0022841 -0.0206780 0.0131844 0.0085620 0.9996626
218.000000 -0.1711114 0.0012519 0.0035990 -0.0198635 0.0169627 0.0104563 0.9996041
219.000000 -0.1954187 -0.0009213 0.0048561 -0.0206868 0.0169378 0.0166348 0.9995041
220.000000 -0.2141326 -0.0103580 0.0070612 -0.0236666 0.0101088 0.0286419 0.9992584
223.000000 -0.2431674 -0.0190652 0.0291740 -0.0274959 -0.0032790 0.0499268 0.9983689
224.000000 -0.2519383 -0.0244476 0.0346859 -0.0233512 0.0032183 0.0505261 0.9984446
225.000000 -0.2633623 -0.0287847 0.0396834 -0.0199606 0.0126277 0.0495292 0.9984934
