210.000000 0.0000000 0.0000000 0.0000000 0.0000000 0.0000000 0.0000000 1.0000000
211.000000 -0.0202870 0.0044403 -0.0037828 0.0003810 0.0018681 -0.0027623 0.9999943
212.000000 -0.0415324 0.0091242 -0.0071874 -0.0028624 0.0037611 -0.0053015 0.9999748
218.000000 -0.1512555 -0.0040202 -0.0081194 -0.0227743 0.0098384 0.0101485 0.9996407
219.000000 -0.1733734 -0.0077093 -0.0107113 -0.0245456 0.0088855 0.0165883 0.9995216
220.000000 -0.1887821 -0.0156335 -0.0086101 -0.0270753 0.0008550 0.0284357 0.9992285
232.000000 -0.2979866 -0.0640503 0.0436650 -0.0193249 0.0907415 0.0815795 0.9923393
233.000000 -0.3099156 -0.0728675 0.0488182 -0.0231605 0.1049874 0.0841278 0.9906381
241.000000 -0.4039653 -0.0967548 0.0962250 -0.0272005 0.1673711 0.0766182 0.9825358
249.000000 -0.4740274 -0.1466350 0.1654108 -0.0408853 0.1955882 0.0691621 0.9773895
259.000000 -0.5011991 -0.1937480 0.2437962 -0.0396575 0.2049189 0.0362927 0.9773016
261.000000 -0.4972752 -0.2077139 0.2548785 -0.0493762 0.2075420 0.0379118 0.9762433
263.000000 -0.4852482 -0.2100874 0.2522966 -0.0433270 0.2050041 0.0333412 0.9772331
270.000000 -0.4311107 -0.1970479 0.2365393 -0.0442183 0.2285984 0.0456822 0.9714426
272.000000 -0.4100535 -0.1815381 0.2271517 -0.0415558 0.2372195 0.0582941 0.9688147
285.000000 -0.3450062 -0.0670638 0.1900340 -0.1037184 0.2594476 0.1316550 0.9511027
295.000000 -0.3383198 0.0223164 0.1448312 -0.1736554 0.2111228 0.0544340 0.9603686
298.000000 -0.3355035 0.0435200 0.1187455 -0.1697946 0.1953046 0.0198879 0.9657279
304.000000 -0.2711813 0.0753720 0.0383812 -0.1776798 0.1502772 -0.0192858 0.9723552
310.000000 -0.1961069 0.0781317 -0.0302742 -0.1597503 0.1056201 -0.0579854 0.9797765
312.000000 -0.1679150 0.0838641 -0.0566687 -0.1506788 0.0931774 -0.0751768 0.9813064
314.000000 -0.1364584 0.0769700 -0.0688888 -0.1461267 0.0834433 -0.0826478 0.9822696
317.000000 -0.0985727 0.0660158 -0.0873535 -0.1425407 0.0682044 -0.0914869 0.9831889
320.000000 -0.0397888 0.0592746 -0.1048982 -0.1388319 0.0472986 -0.1003626 0.9840812
322.000000 -0.0031908 0.0428032 -0.1110794 -0.1397805 0.0480562 -0.1035924 0.9835754
324.000000 0.0251759 0.0378350 -0.1201193 -0.1343905 0.0470946 -0.1029164 0.9844437
326.000000 0.0591243 0.0075966 -0.1305488 -0.1310198 0.0391740 -0.1042238 0.9851074
