210.000000 0.0000000 0.0000000 0.0000000 0.0000000 0.0000000 0.0000000 1.0000000
211.000000 -0.0205014 0.0045940 -0.0035679 0.0004965 0.0020221 -0.0026853 0.9999942
212.000000 -0.0416201 0.0094365 -0.0064403 -0.0025899 0.0038850 -0.0051586 0.9999758
214.000000 -0.0795581 0.0048866 -0.0077242 -0.0129692 0.0030396 -0.0011134 0.9999107
218.000000 -0.1501807 -0.0039475 -0.0064611 -0.0226926 0.0096962 0.0103937 0.9996414
219.000000 -0.1731266 -0.0073963 -0.0087727 -0.0242703 0.0091240 0.0168508 0.9995218
220.000000 -0.1886643 -0.0154642 -0.0070147 -0.0269000 0.0010901 0.0290047 0.9992167
228.000000 -0.2633706 -0.0462071 0.0332245 -0.0175475 0.0331835 0.0574660 0.9976415
232.000000 -0.2988897 -0.0601080 0.0502396 -0.0174212 0.0924425 0.0807472 0.9922856
233.000000 -0.3106740 -0.0686835 0.0561192 -0.0211223 0.1067511 0.0834512 0.9905524
239.000000 -0.3783746 -0.0885319 0.0896166 -0.0223129 0.1583983 0.0814144 0.9837601
241.000000 -0.4024979 -0.0913416 0.1046013 -0.0247291 0.1688158 0.0757169 0.9824238
249.000000 -0.4706349 -0.1389111 0.1739637 -0.0376076 0.1967844 0.0678394 0.9773737
259.000000 -0.4969636 -0.1849600 0.2507902 -0.0360784 0.2059630 0.0349625 0.9772693
261.000000 -0.4933455 -0.1987754 0.2616133 -0.0457633 0.2086983 0.0364885 0.9762271
263.000000 -0.4814220 -0.2013732 0.2592187 -0.0398296 0.2061441 0.0319153 0.9771897
270.000000 -0.4284310 -0.1890065 0.2431784 -0.0408100 0.2297465 0.0444827 0.9713765
272.000000 -0.4069157 -0.1728839 0.2335854 -0.0377108 0.2379527 0.0569677 0.9688711
274.000000 -0.3902195 -0.1557425 0.2285239 -0.0479348 0.2443265 0.0786413 0.9653094
276.000000 -0.3650851 -0.1234817 0.2141322 -0.0474649 0.2551051 0.0873150 0.9617923
279.000000 -0.3553046 -0.1057404 0.2109931 -0.0695989 0.2567496 0.1244330 0.9559038
281.000000 -0.3478606 -0.0935996 0.2058823 -0.0798115 0.2573104 0.1397535 0.9528329
283.000000 -0.3416246 -0.0747308 0.1981337 -0.0864063 0.2586899 0.1385803 0.9520552
285.000000 -0.3446921 -0.0635956 0.1969617 -0.1013675 0.2611538 0.1317263 0.9508793
