210.000000 0.0000000 0.0000000 0.0000000 0.0000000 0.0000000 0.0000000 1.0000000
211.000000 -0.0202933 0.0045447 -0.0034829 0.0004892 0.0019512 -0.0026591 0.9999945
212.000000 -0.0414718 0.0091509 -0.0065856 -0.0027229 0.0038216 -0.0051128 0.9999759
214.000000 -0.0793425 0.0045035 -0.0079310 -0.0131330 0.0029526 -0.0010255 0.9999089
218.000000 -0.1500316 -0.0041870 -0.0067035 -0.0228043 0.0096396 0.0104321 0.9996390
219.000000 -0.1730384 -0.0075236 -0.0089289 -0.0243333 0.0090929 0.0169337 0.9995191
220.000000 -0.1886382 -0.0156206 -0.0071958 -0.0269662 0.0010664 0.0290832 0.9992126
228.000000 -0.2633218 -0.0465587 0.0329883 -0.0176973 0.0331524 0.0575892 0.9976328
232.000000 -0.2991947 -0.0601101 0.0499977 -0.0173979 0.0925644 0.0807029 0.9922783
233.000000 -0.3105824 -0.0686712 0.0560710 -0.0211012 0.1067170 0.0834899 0.9905532
239.000000 -0.3783925 -0.0881397 0.0894497 -0.0221046 0.1583903 0.0812886 0.9837765
241.000000 -0.4021662 -0.0911451 0.1043555 -0.0246178 0.1686286 0.0756960 0.9824604
249.000000 -0.4704132 -0.1387340 0.1735640 -0.0375194 0.1966138 0.0678798 0.9774086
259.000000 -0.4965656 -0.1846544 0.2507394 -0.0359009 0.2057295 0.0348585 0.9773287
261.000000 -0.4933062 -0.1981530 0.2618034 -0.0454153 0.2086841 0.0363454 0.9762517
263.000000 -0.4812077 -0.2007082 0.2591682 -0.0394814 0.2060242 0.0317549 0.9772343
270.000000 -0.4280898 -0.1887846 0.2432084 -0.0406821 0.2296070 0.0445142 0.9714134
272.000000 -0.4062261 -0.1726266 0.2333494 -0.0375919 0.2376196 0.0568777 0.9689627
274.000000 -0.3897671 -0.1556646 0.2283071 -0.0478794 0.2441061 0.0785666 0.9653741
276.000000 -0.3645835 -0.1237904 0.2133809 -0.0474102 0.2547120 0.0877075 0.9618635
279.000000 -0.3549759 -0.1067889 0.2102121 -0.0701914 0.2564891 0.1246351 0.9559041
281.000000 -0.3469119 -0.0933389 0.2049903 -0.0796101 0.2566103 0.1402107 0.9529713
