210.000000 0.0000000 0.0000000 0.0000000 0.0000000 0.0000000 0.0000000 1.0000000
211.000000 -0.0204192 0.0044668 -0.0038206 0.0003777 0.0019020 -0.0027191 0.9999944
212.000000 -0.0415573 0.0089035 -0.0071851 -0.0029646 0.0037542 -0.0052100 0.9999750
218.000000 -0.1511079 -0.0042792 -0.0084873 -0.0229108 0.0097602 0.0101806 0.9996380
219.000000 -0.1734125 -0.0079578 -0.0109554 -0.0246706 0.0088897 0.0166616 0.9995173
220.000000 -0.1887451 -0.0158913 -0.0088374 -0.0272001 0.0008319 0.0285256 0.9992226
232.000000 -0.2978358 -0.0642551 0.0434805 -0.0194339 0.0907171 0.0816378 0.9923346
233.000000 -0.3096663 -0.0728350 0.0486993 -0.0231614 0.1049007 0.0841032 0.9906493
241.000000 -0.4034957 -0.0967556 0.0960759 -0.0272081 0.1671926 0.0766033 0.9825672
249.000000 -0.4736312 -0.1465337 0.1650329 -0.0408492 0.1954001 0.0691823 0.9774272
259.000000 -0.5005410 -0.1935627 0.2434385 -0.0395901 0.2045950 0.0362709 0.9773730
261.000000 -0.4967157 -0.2075227 0.2545650 -0.0493041 0.2072547 0.0378625 0.9763099
263.000000 -0.4847570 -0.2098709 0.2519902 -0.0432448 0.2047465 0.0332601 0.9772935
270.000000 -0.4309514 -0.1969472 0.2364212 -0.0441863 0.2285842 0.0455914 0.9714516
272.000000 -0.4095859 -0.1815086 0.2270231 -0.0415725 0.2370413 0.0582881 0.9688579
285.000000 -0.3453717 -0.0680615 0.1897527 -0.1042493 0.2596382 0.1318727 0.9509625
295.000000 -0.3381378 0.0220125 0.1443709 -0.1738986 0.2109834 0.0543681 0.9603590
298.000000 -0.3352913 0.0428024 0.1182626 -0.1702750 0.1950718 0.0199411 0.9656892
304.000000 -0.2708933 0.0749977 0.0381627 -0.1778755 0.1500972 -0.0192372 0.9723482
310.000000 -0.1957877 0.0778615 -0.0305025 -0.1598615 0.1053962 -0.0579166 0.9797865
312.000000 -0.1676589 0.0835225 -0.0567533 -0.1508367 0.0930137 -0.0751023 0.9813034
314.000000 -0.1364590 0.0767454 -0.0689034 -0.1462388 0.0834204 -0.0825930 0.9822595
320.000000 -0.0399379 0.0589673 -0.1052060 -0.1389946 0.0473164 -0.1003434 0.9840594
322.000000 -0.0023855 0.0436549 -0.1107018 -0.1392816 0.0476579 -0.1036921 0.9836551
324.000000 0.0258210 0.0376969 -0.1202284 -0.1344371 0.0467097 -0.1029267 0.9844547
326.000000 0.0601122 0.0061418 -0.1307823 -0.1317806 0.0384495 -0.1041435 0.9850429
328.000000 0.0932632 -0.0154836 -0.1434541 -0.1297007 0.0331078 -0.1102050 0.9848535
