210.000000 0.0000000 0.0000000 0.0000000 0.0000000 0.0000000 0.0000000 1.0000000
211.000000 -0.0204316 0.0047245 -0.0033346 0.0005715 0.0020158 -0.0026741 0.9999942
212.000000 -0.0417436 0.0094975 -0.0064147 -0.0025763 0.0039451 -0.0051274 0.9999757
214.000000 -0.0796653 0.0052677 -0.0071084 -0.0127703 0.0031445 -0.0011169 0.9999129
218.000000 -0.1502153 -0.0029582 -0.0058210 -0.0222123 0.0098290 0.0102170 0.9996527
219.000000 -0.1733965 -0.0069871 -0.0082849 -0.0240575 0.0093381 0.0167738 0.9995262
220.000000 -0.1884575 -0.0154036 -0.0065094 -0.0268301 0.0010326 0.0289678 0.9992197
232.000000 -0.2991035 -0.0596362 0.0500389 -0.0171649 0.0926248 0.0807402 0.9922737
233.000000 -0.3101381 -0.0677920 0.0555385 -0.0206703 0.1065829 0.0834594 0.9905793
241.000000 -0.4023934 -0.0907004 0.1037399 -0.0243727 0.1687411 0.0757234 0.9824451
249.000000 -0.4706970 -0.1382569 0.1730746 -0.0372263 0.1967969 0.0678933 0.9773821
259.000000 -0.4968518 -0.1843821 0.2499960 -0.0357403 0.2059210 0.0347650 0.9772976
261.000000 -0.4931219 -0.1977790 0.2609673 -0.0452386 0.2086111 0.0363372 0.9762758
263.000000 -0.4813330 -0.2003884 0.2583978 -0.0392905 0.2060972 0.0318005 0.9772251
270.000000 -0.4285952 -0.1884133 0.2424962 -0.0404906 0.2298321 0.0443421 0.9713761
272.000000 -0.4073538 -0.1730010 0.2332252 -0.0376867 0.2382592 0.0569849 0.9687957
276.000000 -0.3657099 -0.1216325 0.2141842 -0.0465103 0.2557211 0.0869490 0.9617086
281.000000 -0.3482681 -0.0930917 0.2062999 -0.0795757 0.2577310 0.1395760 0.9527649
285.000000 -0.3438499 -0.0602508 0.1970696 -0.0997036 0.2609217 0.1309403 0.9512275
288.000000 -0.3436336 -0.0264021 0.1908145 -0.1188905 0.2576772 0.1100197 0.9525561
291.000000 -0.3435291 0.0053431 0.1799994 -0.1479135 0.2406691 0.0890924 0.9551244
295.000000 -0.3392789 0.0272907 0.1523176 -0.1702437 0.2138639 0.0548483 0.9603494
298.000000 -0.3349083 0.0490617 0.1256825 -0.1661038 0.1970105 0.0203337 0.9660140
300.000000 -0.3183044 0.0610640 0.0989097 -0.1690849 0.1750053 0.0005137 0.9699398
302.000000 -0.2934395 0.0765955 0.0706136 -0.1727770 0.1569892 -0.0122943 0.9722918
