210.000000 0.0000000 0.0000000 0.0000000 0.0000000 0.0000000 0.0000000 1.0000000
212.000000 -0.0408821 0.0087159 -0.0069199 -0.0030657 0.0038418 -0.0057642 0.9999713
218.000000 -0.1465098 -0.0039604 -0.0086728 -0.0227861 0.0087370 0.0098797 0.9996533
219.000000 -0.1686339 -0.0076046 -0.0111865 -0.0246461 0.0080477 0.0161163 0.9995340
220.000000 -0.1833434 -0.0145936 -0.0094759 -0.0268943 -0.0001786 0.0275340 0.9992590
232.000000 -0.2893563 -0.0620769 0.0409240 -0.0189448 0.0886764 0.0811791 0.9925662
233.000000 -0.3003959 -0.0700437 0.0458797 -0.0224878 0.1025648 0.0837229 0.9909416
241.000000 -0.3926539 -0.0941616 0.0910007 -0.0267303 0.1644180 0.0761690 0.9830822
249.000000 -0.4616283 -0.1437010 0.1576220 -0.0404014 0.1921881 0.0690805 0.9780896
259.000000 -0.4888272 -0.1907976 0.2345969 -0.0393211 0.2014147 0.0364141 0.9780388
261.000000 -0.4850083 -0.2042425 0.2455260 -0.0488885 0.2040101 0.0379676 0.9770098
263.000000 -0.4731846 -0.2066836 0.2432617 -0.0428303 0.2015389 0.0333389 0.9779755
270.000000 -0.4196788 -0.1938506 0.2284344 -0.0438050 0.2252777 0.0457147 0.9722351
272.000000 -0.3993694 -0.1789771 0.2194317 -0.0413605 0.2341823 0.0581831 0.9695683
295.000000 -0.3288966 0.0206847 0.1389276 -0.1746968 0.2085913 0.0540788 0.9607529
298.000000 -0.3264638 0.0404579 0.1134695 -0.1713853 0.1929708 0.0197337 0.9659192
304.000000 -0.2634949 0.0724888 0.0364775 -0.1786123 0.1486424 -0.0194529 0.9724324
310.000000 -0.1911733 0.0749486 -0.0300404 -0.1608098 0.1048375 -0.0581737 0.9796761
314.000000 -0.1341659 0.0735460 -0.0676791 -0.1473427 0.0834546 -0.0828169 0.9820727
326.000000 0.0560420 0.0065938 -0.1277454 -0.1317075 0.0400431 -0.1038131 0.9850241
330.000000 0.1207047 -0.0459068 -0.1521008 -0.1176905 0.0305987 -0.1230612 0.9849206
332.000000 0.1465030 -0.0868295 -0.1655958 -0.1160807 0.0272685 -0.1438610 0.9823878
338.000000 0.2029188 -0.1825791 -0.2143386 -0.1024302 0.0045542 -0.1871415 0.9769675
340.000000 0.2113815 -0.2066710 -0.2338907 -0.0924834 0.0017048 -0.1996956 0.9754822
342.000000 0.2085162 -0.2380147 -0.2511983 -0.0844958 -0.0124587 -0.2034128 0.9753607
344.000000 0.2262987 -0.2434939 -0.2733080 -0.0725302 -0.0452272 -0.2035487 0.9753265
347.000000 0.2600549 -0.2937228 -0.2843032 -0.0811207 -0.0933007 -0.2143029 0.9689111
350.000000 0.2966643 -0.3395138 -0.3015639 -0.0733957 -0.1116069 -0.2371178 0.9622537
352.000000 0.3253928 -0.3649723 -0.3170761 -0.0671602 -0.1193603 -0.2495931 0.9586167
354.000000 0.3486549 -0.4336748 -0.3253874 -0.0718065 -0.1255159 -0.2697791 0.9520025
356.000000 0.3653793 -0.4721487 -0.3443246 -0.0433393 -0.1137888 -0.2871343 0.9501199
360.000000 0.3666782 -0.4985238 -0.3632166 0.0253343 -0.1252637 -0.3441314 0.9301832
362.000000 0.3768439 -0.5025106 -0.3627213 0.0374673 -0.1616196 -0.3646538 0.9162439
364.000000 0.3914138 -0.5331186 -0.3333081 0.0302583 -0.1944100 -0.4008865 0.8947509
368.000000 0.4086041 -0.5565299 -0.2801858 0.0601239 -0.2227013 -0.4592979 0.8578081
370.000000 0.4591619 -0.5300073 -0.2329192 0.0469241 -0.2448201 -0.4875703 0.8367416
372.000000 0.4660301 -0.5391299 -0.1883259 0.0136053 -0.2564278 -0.5068871 0.8228762
374.000000 0.4830365 -0.5468209 -0.1461675 -0.0138004 -0.2669010 -0.5171052 0.8131271
379.000000 0.5486234 -0.5732055 -0.0488898 -0.0723161 -0.3282338 -0.4653185 0.8188478
382.000000 0.6072716 -0.5969005 -0.0001080 -0.0954011 -0.3585223 -0.4371831 0.8192871
385.000000 0.6759811 -0.6178985 0.0410111 -0.0966269 -0.3836235 -0.4072642 0.8231842
388.000000 0.7489321 -0.6377089 0.0857061 -0.0990005 -0.4112629 -0.3754421 0.8246847
395.000000 0.9314128 -0.6579535 0.2011992 -0.0645694 -0.4353519 -0.3256609 0.8368061
403.000000 1.1160166 -0.6399953 0.2516080 -0.0822056 -0.4484258 -0.3331098 0.8253450
406.000000 1.1798757 -0.6802289 0.2721914 -0.0722753 -0.4469621 -0.3576293 0.8167634
408.000000 1.2004689 -0.7009203 0.2709858 -0.0707145 -0.4338483 -0.3713721 0.8178373
411.000000 1.2610669 -0.7209444 0.2847800 -0.0683328 -0.4468920 -0.3757728 0.8089580
413.000000 1.2948483 -0.7400160 0.3067319 -0.0696526 -0.4435579 -0.3784747 0.8094206
418.000000 1.3647621 -0.7877780 0.3657665 -0.0709180 -0.4433256 -0.4072145 0.7953675
420.000000 1.3856949 -0.8067692 0.3864439 -0.0590905 -0.4493136 -0.4153665 0.7887308
422.000000 1.4045990 -0.8227063 0.4050288 -0.0661010 -0.4566487 -0.4179721 0.7825611
424.000000 1.4276693 -0.8411139 0.4210553 -0.0716700 -0.4800717 -0.4150738 0.7694858
434.000000 1.5134554 -0.9345516 0.5118654 -0.0649673 -0.5270081 -0.4453802 0.7208871
436.000000 1.5323043 -0.9505023 0.5289033 -0.0613572 -0.5387233 -0.4502227 0.7094448
438.000000 1.5530536 -0.9661727 0.5439920 -0.0699145 -0.5472950 -0.4559000 0.6983805
448.000000 1.5869093 -1.0630610 0.6364702 -0.0783917 -0.5849215 -0.4633747 0.6610640
452.000000 1.5546935 -1.0880527 0.6785033 -0.0662005 -0.6029794 -0.4544408 0.6523165
454.000000 1.5362593 -1.0931271 0.7015733 -0.0644775 -0.6173302 -0.4493515 0.6425179
458.000000 1.4765257 -1.1091251 0.7551274 -0.0575730 -0.6318474 -0.4487816 0.6293244
462.000000 1.4192063 -1.1246067 0.8091980 -0.0562291 -0.6419299 -0.4526277 0.6163542
470.000000 1.2805767 -1.2083927 0.8722783 -0.0724592 -0.6321705 -0.4551681 0.6228420
476.000000 1.1862417 -1.2658694 0.8520228 -0.0684365 -0.6288778 -0.4775353 0.6097452
478.000000 1.1562779 -1.2810029 0.8428760 -0.0656976 -0.6400248 -0.4756402 0.5998487
481.000000 1.1104450 -1.3013002 0.8300146 -0.0555337 -0.6500722 -0.4777584 0.5882764
483.000000 1.0932773 -1.3077672 0.8361577 -0.0512098 -0.6480639 -0.4821513 0.5872996
490.000000 1.0306567 -1.2984781 0.8393794 -0.0919108 -0.5997130 -0.5469630 0.5768260
493.000000 0.9987044 -1.2798066 0.8383011 -0.0915694 -0.5712071 -0.5736279 0.5799038
496.000000 0.9768707 -1.2605751 0.8544716 -0.0965663 -0.5584903 -0.5867671 0.5783320
499.000000 0.9542215 -1.2434398 0.8748336 -0.0858990 -0.5352588 -0.6073849 0.5806918
501.000000 0.9470083 -1.2122462 0.8820350 -0.0743047 -0.5225042 -0.6174046 0.5833350
503.000000 0.9462098 -1.1892817 0.9005514 -0.0822146 -0.5211204 -0.6197448 0.5810254
506.000000 0.9357166 -1.1546845 0.9204523 -0.1011565 -0.5053860 -0.6307916 0.5800468
508.000000 0.9350303 -1.1274159 0.9313743 -0.1069001 -0.4936009 -0.6347144 0.5848659
510.000000 0.9412580 -1.0917521 0.9392656 -0.1150167 -0.4828703 -0.6354303 0.5914691
512.000000 0.9452133 -1.0611197 0.9438763 -0.1281983 -0.4783853 -0.6369473 0.5907713
514.000000 0.9514984 -1.0241935 0.9455720 -0.1378488 -0.4752243 -0.6357605 0.5924257
517.000000 0.9656365 -0.9798964 0.9398265 -0.1486945 -0.4777112 -0.6333798 0.5903490
