210.000000 0.0000000 0.0000000 0.0000000 0.0000000 0.0000000 0.0000000 1.0000000
211.000000 -0.0202316 0.0045053 -0.0035476 0.0004744 0.0019298 -0.0026745 0.9999945
212.000000 -0.0411632 0.0094807 -0.0063487 -0.0025709 0.0037270 -0.0052241 0.9999761
214.000000 -0.0788248 0.0047645 -0.0077511 -0.0130223 0.0027882 -0.0011424 0.9999107
218.000000 -0.1488176 -0.0039058 -0.0064781 -0.0226886 0.0092538 0.0102614 0.9996471
219.000000 -0.1718253 -0.0072264 -0.0087394 -0.0242131 0.0087175 0.0167472 0.9995285
220.000000 -0.1875280 -0.0152914 -0.0067915 -0.0268188 0.0007351 0.0288835 0.9992227
228.000000 -0.2615888 -0.0455927 0.0335026 -0.0173171 0.0326393 0.0572782 0.9976743
232.000000 -0.2969238 -0.0589643 0.0504929 -0.0169798 0.0918588 0.0803431 0.9923803
233.000000 -0.3084500 -0.0675148 0.0564670 -0.0206795 0.1060352 0.0832552 0.9906551
239.000000 -0.3756686 -0.0867517 0.0895597 -0.0215688 0.1575035 0.0809533 0.9839584
241.000000 -0.3990880 -0.0896798 0.1043940 -0.0240344 0.1675727 0.0753435 0.9826826
249.000000 -0.4673752 -0.1365727 0.1730560 -0.0366541 0.1955673 0.0674456 0.9776815
259.000000 -0.4930612 -0.1822649 0.2496720 -0.0348953 0.2043887 0.0344792 0.9776598
261.000000 -0.4896562 -0.1952160 0.2608936 -0.0441424 0.2073041 0.0358435 0.9766226
263.000000 -0.4776278 -0.1981124 0.2581641 -0.0383926 0.2046401 0.0312688 0.9775841
268.000000 -0.4476710 -0.1964346 0.2539369 -0.0384760 0.2262428 0.0372595 0.9725973
270.000000 -0.4254429 -0.1866931 0.2423873 -0.0398021 0.2286252 0.0440679 0.9717018
272.000000 -0.4030982 -0.1710860 0.2323686 -0.0369912 0.2363256 0.0566563 0.9693152
274.000000 -0.3869146 -0.1532656 0.2278752 -0.0468500 0.2431147 0.0780311 0.9657181
276.000000 -0.3624250 -0.1228981 0.2126789 -0.0468937 0.2539113 0.0880138 0.9620726
279.000000 -0.3548369 -0.1089359 0.2108894 -0.0716718 0.2573287 0.1245813 0.9555755
