210.000000 0.0000000 0.0000000 0.0000000 0.0000000 0.0000000 0.0000000 1.0000000
211.000000 -0.0202822 0.0045133 -0.0035046 0.0004773 0.0019486 -0.0026761 0.9999944
212.000000 -0.0413729 0.0092588 -0.0064776 -0.0026659 0.0037890 -0.0051568 0.9999760
214.000000 -0.0792391 0.0044586 -0.0079117 -0.0131536 0.0029105 -0.0010407 0.9999087
218.000000 -0.1496077 -0.0043201 -0.0068399 -0.0228747 0.0094814 0.0104299 0.9996390
219.000000 -0.1726720 -0.0076578 -0.0090772 -0.0244079 0.0089468 0.0169324 0.9995186
220.000000 -0.1883655 -0.0157747 -0.0073552 -0.0270455 0.0009589 0.0290788 0.9992107
228.000000 -0.2627497 -0.0465952 0.0329487 -0.0177416 0.0329305 0.0575787 0.9976400
232.000000 -0.2983885 -0.0601248 0.0499058 -0.0174492 0.0922746 0.0806363 0.9923098
233.000000 -0.3098945 -0.0688802 0.0560041 -0.0212431 0.1064516 0.0835301 0.9905753
239.000000 -0.3780221 -0.0883998 0.0893573 -0.0222427 0.1582787 0.0812073 0.9837980
241.000000 -0.4016566 -0.0915191 0.1042158 -0.0247977 0.1684509 0.0756817 0.9824875
249.000000 -0.4698566 -0.1385659 0.1733635 -0.0374598 0.1964025 0.0678030 0.9774587
259.000000 -0.4960137 -0.1845073 0.2503743 -0.0358469 0.2054857 0.0348679 0.9773816
261.000000 -0.4923224 -0.1979484 0.2614238 -0.0453404 0.2082541 0.0362728 0.9763497
263.000000 -0.4804676 -0.2005498 0.2587781 -0.0394334 0.2056933 0.0317604 0.9773058
268.000000 -0.4500057 -0.1987522 0.2545318 -0.0394618 0.2270897 0.0376999 0.9723434
270.000000 -0.4275348 -0.1884296 0.2429309 -0.0405025 0.2293724 0.0445334 0.9714755
272.000000 -0.4052208 -0.1725958 0.2331042 -0.0376040 0.2371933 0.0569075 0.9690649
274.000000 -0.3890138 -0.1549939 0.2283292 -0.0475349 0.2438623 0.0785104 0.9654573
276.000000 -0.3643068 -0.1238646 0.2133024 -0.0473502 0.2546726 0.0880125 0.9618491
279.000000 -0.3548169 -0.1070836 0.2100302 -0.0703637 0.2565410 0.1246900 0.9558703
