210.000000 0.0000000 0.0000000 0.0000000 0.0000000 0.0000000 0.0000000 1.0000000
212.000000 -0.0416049 0.0090191 -0.0070255 -0.0029492 0.0039000 -0.0056216 0.9999722
218.000000 -0.1494865 -0.0039854 -0.0085889 -0.0227902 0.0091717 0.0098784 0.9996494
219.000000 -0.1722123 -0.0080370 -0.0112670 -0.0247909 0.0085703 0.0162460 0.9995239
220.000000 -0.1870830 -0.0154277 -0.0094704 -0.0271298 0.0003499 0.0278377 0.9992442
232.000000 -0.2954874 -0.0633729 0.0423823 -0.0191000 0.0897363 0.0811753 0.9924682
233.000000 -0.3069174 -0.0718263 0.0474265 -0.0228133 0.1037383 0.0837555 0.9908092
241.000000 -0.4007889 -0.0960896 0.0940405 -0.0269907 0.1658895 0.0761314 0.9828307
249.000000 -0.4710231 -0.1465933 0.1624521 -0.0408947 0.1940386 0.0689982 0.9777095
259.000000 -0.4984137 -0.1937593 0.2409170 -0.0397081 0.2033384 0.0360697 0.9776378
261.000000 -0.4944610 -0.2074660 0.2520078 -0.0493194 0.2059230 0.0376517 0.9765990
263.000000 -0.4825231 -0.2100748 0.2496443 -0.0433380 0.2034567 0.0330208 0.9775668
270.000000 -0.4285219 -0.1972535 0.2342958 -0.0443296 0.2272325 0.0453340 0.9717742
272.000000 -0.4074692 -0.1823527 0.2247922 -0.0419540 0.2358431 0.0579087 0.9691566
295.000000 -0.3350900 0.0212804 0.1419817 -0.1744676 0.2094282 0.0542556 0.9606025
298.000000 -0.3325203 0.0414960 0.1161225 -0.1710986 0.1937343 0.0198611 0.9658146
304.000000 -0.2686515 0.0738700 0.0375836 -0.1784677 0.1493234 -0.0193086 0.9723574
310.000000 -0.1949724 0.0765583 -0.0302543 -0.1605850 0.1053387 -0.0581136 0.9796627
314.000000 -0.1369262 0.0753220 -0.0686271 -0.1470250 0.0838648 -0.0827610 0.9820901
326.000000 0.0573083 0.0069644 -0.1299081 -0.1315469 0.0398102 -0.1038015 0.9850562
330.000000 0.1228427 -0.0465193 -0.1544856 -0.1175968 0.0304666 -0.1231907 0.9849197
332.000000 0.1490951 -0.0886000 -0.1682217 -0.1162573 0.0271111 -0.1438568 0.9823719
338.000000 0.2067588 -0.1860416 -0.2174788 -0.1026221 0.0041873 -0.1873221 0.9769143
340.000000 0.2152854 -0.2104515 -0.2372035 -0.0927012 0.0013880 -0.1997953 0.9754416
342.000000 0.2129377 -0.2423837 -0.2546638 -0.0846985 -0.0130010 -0.2034512 0.9753280
344.000000 0.2310388 -0.2488277 -0.2776960 -0.0730772 -0.0458120 -0.2034703 0.9752747
347.000000 0.2653090 -0.3009609 -0.2882282 -0.0821157 -0.0940620 -0.2142420 0.9687671
350.000000 0.3032835 -0.3481850 -0.3057915 -0.0745432 -0.1127159 -0.2369944 0.9620665
352.000000 0.3328660 -0.3752343 -0.3214864 -0.0686883 -0.1207609 -0.2494771 0.9583631
354.000000 0.3586488 -0.4472649 -0.3274173 -0.0739482 -0.1279639 -0.2696203 0.9515576
356.000000 0.3750578 -0.4849413 -0.3465520 -0.0452374 -0.1160685 -0.2870770 0.9497728
358.000000 0.3747424 -0.5087770 -0.3586354 -0.0032804 -0.1132266 -0.3126118 0.9431028
360.000000 0.3762381 -0.5142824 -0.3636558 0.0229244 -0.1279310 -0.3440386 0.9299170
362.000000 0.3857995 -0.5175618 -0.3638166 0.0351844 -0.1640657 -0.3642821 0.9160475
364.000000 0.4021271 -0.5496584 -0.3319080 0.0279289 -0.1977672 -0.4005164 0.8942565
366.000000 0.4115553 -0.5851973 -0.3070700 0.0386450 -0.2145378 -0.4294648 0.8763790
368.000000 0.4198909 -0.5753500 -0.2784330 0.0575926 -0.2266044 -0.4587727 0.8572404
370.000000 0.4727239 -0.5449339 -0.2298278 0.0456157 -0.2488347 -0.4863670 0.8363299
372.000000 0.4823449 -0.5550968 -0.1849744 0.0128530 -0.2615141 -0.5057809 0.8219677
374.000000 0.4988206 -0.5606004 -0.1396548 -0.0142741 -0.2720528 -0.5154419 0.8124673
376.000000 0.5235685 -0.5603023 -0.0988026 -0.0399080 -0.2890816 -0.4980408 0.8165749
