210.000000 0.0000000 0.0000000 0.0000000 0.0000000 0.0000000 0.0000000 1.0000000
212.000000 -0.0408821 0.0087159 -0.0069199 -0.0030657 0.0038418 -0.0057642 0.9999713
218.000000 -0.1465098 -0.0039604 -0.0086728 -0.0227861 0.0087370 0.0098797 0.9996533
219.000000 -0.1686339 -0.0076046 -0.0111865 -0.0246461 0.0080477 0.0161163 0.9995340
220.000000 -0.1833434 -0.0145936 -0.0094759 -0.0268943 -0.0001786 0.0275340 0.9992590
232.000000 -0.2893563 -0.0620769 0.0409240 -0.0189448 0.0886764 0.0811791 0.9925662
233.000000 -0.3003959 -0.0700437 0.0458797 -0.0224878 0.1025648 0.0837229 0.9909416
241.000000 -0.3926539 -0.0941616 0.0910007 -0.0267303 0.1644180 0.0761690 0.9830822
249.000000 -0.4616283 -0.1437010 0.1576220 -0.0404014 0.1921881 0.0690805 0.9780896
259.000000 -0.4888272 -0.1907976 0.2345969 -0.0393211 0.2014147 0.0364141 0.9780388
261.000000 -0.4850083 -0.2042425 0.2455260 -0.0488885 0.2040101 0.0379676 0.9770098
263.000000 -0.4731846 -0.2066836 0.2432617 -0.0428303 0.2015389 0.0333389 0.9779755
270.000000 -0.4196788 -0.1938506 0.2284344 -0.0438050 0.2252777 0.0457147 0.9722351
272.000000 -0.3993694 -0.1789771 0.2194317 -0.0413605 0.2341823 0.0581831 0.9695683
295.000000 -0.3288966 0.0206847 0.1389276 -0.1746968 0.2085913 0.0540788 0.9607529
298.000000 -0.3264638 0.0404579 0.1134695 -0.1713853 0.1929708 0.0197337 0.9659192
304.000000 -0.2634949 0.0724888 0.0364775 -0.1786123 0.1486424 -0.0194529 0.9724324
310.000000 -0.1911733 0.0749486 -0.0300404 -0.1608098 0.1048375 -0.0581737 0.9796761
314.000000 -0.1341659 0.0735460 -0.0676791 -0.1473427 0.0834546 -0.0828169 0.9820727
326.000000 0.0560420 0.0065938 -0.1277454 -0.1317075 0.0400431 -0.1038131 0.9850241
330.000000 0.1207047 -0.0459068 -0.1521008 -0.1176905 0.0305987 -0.1230612 0.9849206
332.000000 0.1465030 -0.0868295 -0.1655958 -0.1160807 0.0272685 -0.1438610 0.9823878
338.000000 0.2029188 -0.1825791 -0.2143386 -0.1024302 0.0045542 -0.1871415 0.9769675
340.000000 0.2113815 -0.2066710 -0.2338907 -0.0924834 0.0017048 -0.1996956 0.9754822
342.000000 0.2085162 -0.2380147 -0.2511983 -0.0844958 -0.0124587 -0.2034128 0.9753607
344.000000 0.2262987 -0.2434939 -0.2733080 -0.0725302 -0.0452272 -0.2035487 0.9753265
347.000000 0.2600549 -0.2937228 -0.2843032 -0.0811207 -0.0933007 -0.2143029 0.9689111
350.000000 0.2966643 -0.3395138 -0.3015639 -0.0733957 -0.1116069 -0.2371178 0.9622537
352.000000 0.3253928 -0.3649723 -0.3170761 -0.0671602 -0.1193603 -0.2495931 0.9586167
354.000000 0.3486549 -0.4336748 -0.3253874 -0.0718065 -0.1255159 -0.2697791 0.9520025
356.000000 0.3653793 -0.4721487 -0.3443246 -0.0433393 -0.1137888 -0.2871343 0.9501199
360.000000 0.3666782 -0.4985238 -0.3632166 0.0253343 -0.1252637 -0.3441314 0.9301832
362.000000 0.3768439 -0.5025106 -0.3627213 0.0374673 -0.1616196 -0.3646538 0.9162439
364.000000 0.3914138 -0.5331186 -0.3333081 0.0302583 -0.1944100 -0.4008865 0.8947509
368.000000 0.4086041 -0.5565299 -0.2801858 0.0601239 -0.2227013 -0.4592979 0.8578081
370.000000 0.4591619 -0.5300073 -0.2329192 0.0469241 -0.2448201 -0.4875703 0.8367416
372.000000 0.4660301 -0.5391299 -0.1883259 0.0136053 -0.2564278 -0.5068871 0.8228762
374.000000 0.4830365 -0.5468209 -0.1461675 -0.0138004 -0.2669010 -0.5171052 0.8131271
379.000000 0.5478120 -0.5727652 -0.0496581 -0.0722533 -0.3278223 -0.4655675 0.8188766
382.000000 0.6062400 -0.5959952 -0.0008997 -0.0951677 -0.3579973 -0.4375853 0.8193291
385.000000 0.6750883 -0.6170836 0.0401041 -0.0963660 -0.3831343 -0.4076631 0.8232450
388.000000 0.7484797 -0.6370283 0.0851724 -0.0987531 -0.4109697 -0.3756920 0.8247468
391.000000 0.8199694 -0.6492192 0.1301547 -0.0930370 -0.4296671 -0.3470425 0.8284273
395.000000 0.9311187 -0.6589146 0.1998041 -0.0649839 -0.4348881 -0.3256288 0.8370277
403.000000 1.1169622 -0.6436017 0.2488973 -0.0835921 -0.4476842 -0.3327153 0.8257674
406.000000 1.1814996 -0.6838123 0.2710293 -0.0735375 -0.4468750 -0.3571980 0.8168871
408.000000 1.2020485 -0.7045430 0.2706414 -0.0720188 -0.4339059 -0.3708807 0.8179159
411.000000 1.2627581 -0.7251743 0.2845246 -0.0698234 -0.4469845 -0.3754181 0.8089443
413.000000 1.2975844 -0.7437701 0.3078809 -0.0708879 -0.4440930 -0.3780015 0.8092411
418.000000 1.3666756 -0.7913221 0.3679660 -0.0721734 -0.4439563 -0.4069885 0.7950183
420.000000 1.3876929 -0.8112043 0.3883009 -0.0606037 -0.4499255 -0.4151306 0.7883913
422.000000 1.4069780 -0.8268054 0.4077084 -0.0674046 -0.4574867 -0.4176723 0.7821205
424.000000 1.4296565 -0.8444341 0.4241862 -0.0727939 -0.4809368 -0.4147579 0.7690102
434.000000 1.5149126 -0.9383988 0.5188111 -0.0667324 -0.5288491 -0.4444292 0.7199640
436.000000 1.5338094 -0.9531179 0.5359779 -0.0625344 -0.5405771 -0.4493882 0.7084603
438.000000 1.5546466 -0.9676936 0.5518185 -0.0709414 -0.5492687 -0.4547786 0.6974580
446.000000 1.5919245 -1.0417738 0.6256859 -0.0835453 -0.5791398 -0.4606682 0.6673844
448.000000 1.5859611 -1.0596184 0.6478826 -0.0786546 -0.5873360 -0.4618848 0.6599336
450.000000 1.5782129 -1.0716357 0.6676834 -0.0701019 -0.5955763 -0.4601964 0.6546708
452.000000 1.5537363 -1.0824921 0.6911263 -0.0661765 -0.6057078 -0.4523619 0.6512353
454.000000 1.5345135 -1.0877650 0.7149400 -0.0645943 -0.6202925 -0.4473870 0.6410223
456.000000 1.5125043 -1.0927937 0.7476950 -0.0590746 -0.6318909 -0.4426292 0.6334851
458.000000 1.4740930 -1.1033223 0.7689906 -0.0578305 -0.6350076 -0.4466055 0.6276659
460.000000 1.4459760 -1.1075255 0.7984161 -0.0589312 -0.6414760 -0.4463132 0.6211603
