210.000000 0.0000000 0.0000000 0.0000000 0.0000000 0.0000000 0.0000000 1.0000000
212.000000 -0.0408821 0.0087159 -0.0069199 -0.0030657 0.0038418 -0.0057642 0.9999713
218.000000 -0.1465098 -0.0039604 -0.0086728 -0.0227861 0.0087370 0.0098797 0.9996533
219.000000 -0.1686339 -0.0076046 -0.0111865 -0.0246461 0.0080477 0.0161163 0.9995340
220.000000 -0.1833434 -0.0145936 -0.0094759 -0.0268943 -0.0001786 0.0275340 0.9992590
232.000000 -0.2893563 -0.0620769 0.0409240 -0.0189448 0.0886764 0.0811791 0.9925662
233.000000 -0.3003959 -0.0700437 0.0458797 -0.0224878 0.1025648 0.0837229 0.9909416
241.000000 -0.3926539 -0.0941616 0.0910007 -0.0267303 0.1644180 0.0761690 0.9830822
249.000000 -0.4616283 -0.1437010 0.1576220 -0.0404014 0.1921881 0.0690805 0.9780896
259.000000 -0.4888272 -0.1907976 0.2345969 -0.0393211 0.2014147 0.0364141 0.9780388
261.000000 -0.4850083 -0.2042425 0.2455260 -0.0488885 0.2040101 0.0379676 0.9770098
263.000000 -0.4731846 -0.2066836 0.2432617 -0.0428303 0.2015389 0.0333389 0.9779755
270.000000 -0.4196788 -0.1938506 0.2284344 -0.0438050 0.2252777 0.0457147 0.9722351
272.000000 -0.3993694 -0.1789771 0.2194317 -0.0413605 0.2341823 0.0581831 0.9695683
295.000000 -0.3288966 0.0206847 0.1389276 -0.1746968 0.2085913 0.0540788 0.9607529
298.000000 -0.3264638 0.0404579 0.1134695 -0.1713853 0.1929708 0.0197337 0.9659192
304.000000 -0.2634949 0.0724888 0.0364775 -0.1786123 0.1486424 -0.0194529 0.9724324
310.000000 -0.1911733 0.0749486 -0.0300404 -0.1608098 0.1048375 -0.0581737 0.9796761
314.000000 -0.1341659 0.0735460 -0.0676791 -0.1473427 0.0834546 -0.0828169 0.9820727
326.000000 0.0560420 0.0065938 -0.1277454 -0.1317075 0.0400431 -0.1038131 0.9850241
330.000000 0.1207047 -0.0459068 -0.1521008 -0.1176905 0.0305987 -0.1230612 0.9849206
332.000000 0.1465030 -0.0868295 -0.1655958 -0.1160807 0.0272685 -0.1438610 0.9823878
338.000000 0.2029188 -0.1825791 -0.2143386 -0.1024302 0.0045542 -0.1871415 0.9769675
340.000000 0.2113815 -0.2066710 -0.2338907 -0.0924834 0.0017048 -0.1996956 0.9754822
342.000000 0.2085162 -0.2380147 -0.2511983 -0.0844958 -0.0124587 -0.2034128 0.9753607
344.000000 0.2262987 -0.2434939 -0.2733080 -0.0725302 -0.0452272 -0.2035487 0.9753265
347.000000 0.2600549 -0.2937228 -0.2843032 -0.0811207 -0.0933007 -0.2143029 0.9689111
350.000000 0.2966643 -0.3395138 -0.3015639 -0.0733957 -0.1116069 -0.2371178 0.9622537
352.000000 0.3253928 -0.3649723 -0.3170761 -0.0671602 -0.1193603 -0.2495931 0.9586167
354.000000 0.3486549 -0.4336748 -0.3253874 -0.0718065 -0.1255159 -0.2697791 0.9520025
356.000000 0.3653793 -0.4721487 -0.3443246 -0.0433393 -0.1137888 -0.2871343 0.9501199
360.000000 0.3666782 -0.4985238 -0.3632166 0.0253343 -0.1252637 -0.3441314 0.9301832
362.000000 0.3768439 -0.5025106 -0.3627213 0.0374673 -0.1616196 -0.3646538 0.9162439
364.000000 0.3914138 -0.5331186 -0.3333081 0.0302583 -0.1944100 -0.4008865 0.8947509
368.000000 0.4086041 -0.5565299 -0.2801858 0.0601239 -0.2227013 -0.4592979 0.8578081
370.000000 0.4591619 -0.5300073 -0.2329192 0.0469241 -0.2448201 -0.4875703 0.8367416
372.000000 0.4660301 -0.5391299 -0.1883259 0.0136053 -0.2564278 -0.5068871 0.8228762
374.000000 0.4830365 -0.5468209 -0.1461675 -0.0138004 -0.2669010 -0.5171052 0.8131271
379.000000 0.5478120 -0.5727652 -0.0496581 -0.0722533 -0.3278223 -0.4655675 0.8188766
382.000000 0.6068178 -0.5966079 -0.0003268 -0.0953050 -0.3583751 -0.4374188 0.8192369
385.000000 0.6757190 -0.6176002 0.0406541 -0.0964793 -0.3834892 -0.4074816 0.8231564
388.000000 0.7493595 -0.6375112 0.0860877 -0.0988542 -0.4114405 -0.3754503 0.8246100
391.000000 0.8209752 -0.6497126 0.1313343 -0.0931236 -0.4302604 -0.3467796 0.8282197
395.000000 0.9320413 -0.6582021 0.2013401 -0.0645036 -0.4355766 -0.3257019 0.8366783
403.000000 1.1169838 -0.6405883 0.2513817 -0.0822257 -0.4484224 -0.3331843 0.8253148
406.000000 1.1813278 -0.6809895 0.2724947 -0.0721316 -0.4472229 -0.3577341 0.8165874
408.000000 1.2021897 -0.7020081 0.2714752 -0.0706761 -0.4341840 -0.3713875 0.8176555
411.000000 1.2629726 -0.7222829 0.2856979 -0.0683622 -0.4473383 -0.3757915 0.8087001
413.000000 1.2973187 -0.7407787 0.3088659 -0.0694221 -0.4443540 -0.3783853 0.8090456
418.000000 1.3664284 -0.7882857 0.3687590 -0.0706334 -0.4441436 -0.4073570 0.7948633
420.000000 1.3873253 -0.8081640 0.3888434 -0.0590216 -0.4499519 -0.4156384 0.7882287
422.000000 1.4063951 -0.8237414 0.4079330 -0.0658400 -0.4574143 -0.4182046 0.7820116
424.000000 1.4292526 -0.8413370 0.4248940 -0.0711578 -0.4810804 -0.4152883 0.7687872
434.000000 1.5140327 -0.9348784 0.5183879 -0.0649295 -0.5285483 -0.4452329 0.7198532
436.000000 1.5325532 -0.9501028 0.5347638 -0.0609438 -0.5400337 -0.4503277 0.7084168
438.000000 1.5530770 -0.9650769 0.5499056 -0.0694060 -0.5485120 -0.4559929 0.6974152
448.000000 1.5858960 -1.0583349 0.6451522 -0.0772549 -0.5866820 -0.4628707 0.6599899
452.000000 1.5531440 -1.0812986 0.6871371 -0.0647342 -0.6046954 -0.4537760 0.6513373
454.000000 1.5347426 -1.0871766 0.7098954 -0.0632276 -0.6189823 -0.4487116 0.6414991
458.000000 1.4741709 -1.1024811 0.7628630 -0.0563262 -0.6334348 -0.4482308 0.6282331
462.000000 1.4166627 -1.1162660 0.8166816 -0.0548536 -0.6434546 -0.4517209 0.6155530
464.000000 1.3780860 -1.1366160 0.8415259 -0.0602767 -0.6421883 -0.4530561 0.6153870
466.000000 1.3370954 -1.1606565 0.8584582 -0.0631470 -0.6390252 -0.4546082 0.6172444
468.000000 1.3151962 -1.1736251 0.8741629 -0.0627652 -0.6369253 -0.4510088 0.6220753
470.000000 1.2777742 -1.1990581 0.8813392 -0.0716636 -0.6342258 -0.4535991 0.6219885
472.000000 1.2416873 -1.2213297 0.8831670 -0.0729755 -0.6298047 -0.4617709 0.6203130
474.000000 1.2190570 -1.2380346 0.8773940 -0.0599075 -0.6331542 -0.4685485 0.6131796
476.000000 1.1841141 -1.2558465 0.8633410 -0.0678736 -0.6313795 -0.4754654 0.6088397
478.000000 1.1543143 -1.2701088 0.8541607 -0.0651746 -0.6424459 -0.4731791 0.5992638
