210.000000 0.0000000 0.0000000 0.0000000 0.0000000 0.0000000 0.0000000 1.0000000
212.000000 -0.0408821 0.0087159 -0.0069199 -0.0030657 0.0038418 -0.0057642 0.9999713
218.000000 -0.1465098 -0.0039604 -0.0086728 -0.0227861 0.0087370 0.0098797 0.9996533
219.000000 -0.1686339 -0.0076046 -0.0111865 -0.0246461 0.0080477 0.0161163 0.9995340
220.000000 -0.1833434 -0.0145936 -0.0094759 -0.0268943 -0.0001786 0.0275340 0.9992590
232.000000 -0.2893563 -0.0620769 0.0409240 -0.0189448 0.0886764 0.0811791 0.9925662
233.000000 -0.3003959 -0.0700437 0.0458797 -0.0224878 0.1025648 0.0837229 0.9909416
241.000000 -0.3926539 -0.0941616 0.0910007 -0.0267303 0.1644180 0.0761690 0.9830822
249.000000 -0.4616283 -0.1437010 0.1576220 -0.0404014 0.1921881 0.0690805 0.9780896
259.000000 -0.4888272 -0.1907976 0.2345969 -0.0393211 0.2014147 0.0364141 0.9780388
261.000000 -0.4850083 -0.2042425 0.2455260 -0.0488885 0.2040101 0.0379676 0.9770098
263.000000 -0.4731846 -0.2066836 0.2432617 -0.0428303 0.2015389 0.0333389 0.9779755
270.000000 -0.4196788 -0.1938506 0.2284344 -0.0438050 0.2252777 0.0457147 0.9722351
272.000000 -0.3993694 -0.1789771 0.2194317 -0.0413605 0.2341823 0.0581831 0.9695683
295.000000 -0.3288966 0.0206847 0.1389276 -0.1746968 0.2085913 0.0540788 0.9607529
298.000000 -0.3264638 0.0404579 0.1134695 -0.1713853 0.1929708 0.0197337 0.9659192
304.000000 -0.2634949 0.0724888 0.0364775 -0.1786123 0.1486424 -0.0194529 0.9724324
310.000000 -0.1911733 0.0749486 -0.0300404 -0.1608098 0.1048375 -0.0581737 0.9796761
314.000000 -0.1341659 0.0735460 -0.0676791 -0.1473427 0.0834546 -0.0828169 0.9820727
326.000000 0.0560420 0.0065938 -0.1277454 -0.1317075 0.0400431 -0.1038131 0.9850241
330.000000 0.1207047 -0.0459068 -0.1521008 -0.1176905 0.0305987 -0.1230612 0.9849206
332.000000 0.1465030 -0.0868295 -0.1655958 -0.1160807 0.0272685 -0.1438610 0.9823878
338.000000 0.2029188 -0.1825791 -0.2143386 -0.1024302 0.0045542 -0.1871415 0.9769675
340.000000 0.2113815 -0.2066710 -0.2338907 -0.0924834 0.0017048 -0.1996956 0.9754822
342.000000 0.2085162 -0.2380147 -0.2511983 -0.0844958 -0.0124587 -0.2034128 0.9753607
344.000000 0.2262987 -0.2434939 -0.2733080 -0.0725302 -0.0452272 -0.2035487 0.9753265
347.000000 0.2600549 -0.2937228 -0.2843032 -0.0811207 -0.0933007 -0.2143029 0.9689111
350.000000 0.2966643 -0.3395138 -0.3015639 -0.0733957 -0.1116069 -0.2371178 0.9622537
352.000000 0.3253928 -0.3649723 -0.3170761 -0.0671602 -0.1193603 -0.2495931 0.9586167
354.000000 0.3486549 -0.4336748 -0.3253874 -0.0718065 -0.1255159 -0.2697791 0.9520025
356.000000 0.3653793 -0.4721487 -0.3443246 -0.0433393 -0.1137888 -0.2871343 0.9501199
360.000000 0.3666782 -0.4985238 -0.3632166 0.0253343 -0.1252637 -0.3441314 0.9301832
362.000000 0.3768439 -0.5025106 -0.3627213 0.0374673 -0.1616196 -0.3646538 0.9162439
364.000000 0.3914138 -0.5331186 -0.3333081 0.0302583 -0.1944100 -0.4008865 0.8947509
368.000000 0.4086041 -0.5565299 -0.2801858 0.0601239 -0.2227013 -0.4592979 0.8578081
370.000000 0.4591619 -0.5300073 -0.2329192 0.0469241 -0.2448201 -0.4875703 0.8367416
372.000000 0.4660301 -0.5391299 -0.1883259 0.0136053 -0.2564278 -0.5068871 0.8228762
374.000000 0.4830365 -0.5468209 -0.1461675 -0.0138004 -0.2669010 -0.5171052 0.8131271
379.000000 0.5486234 -0.5732055 -0.0488898 -0.0723161 -0.3282338 -0.4653185 0.8188478
382.000000 0.6072716 -0.5969005 -0.0001080 -0.0954011 -0.3585223 -0.4371831 0.8192871
385.000000 0.6759811 -0.6178985 0.0410111 -0.0966269 -0.3836235 -0.4072642 0.8231842
388.000000 0.7489321 -0.6377089 0.0857061 -0.0990005 -0.4112629 -0.3754421 0.8246847
395.000000 0.9314128 -0.6579535 0.2011992 -0.0645694 -0.4353519 -0.3256609 0.8368061
403.000000 1.1157486 -0.6404669 0.2514376 -0.0824288 -0.4483796 -0.3330863 0.8253573
406.000000 1.1793647 -0.6803742 0.2720625 -0.0724640 -0.4468670 -0.3575599 0.8168291
408.000000 1.1998765 -0.7008424 0.2709242 -0.0708396 -0.4337643 -0.3713363 0.8178872
411.000000 1.2601051 -0.7205542 0.2844443 -0.0684231 -0.4466643 -0.3757536 0.8090850
413.000000 1.2940125 -0.7398177 0.3063457 -0.0697455 -0.4433749 -0.3784803 0.8095104
418.000000 1.3638383 -0.7874142 0.3649705 -0.0710033 -0.4430296 -0.4071963 0.7955340
420.000000 1.3850207 -0.8062680 0.3858507 -0.0590814 -0.4491150 -0.4153234 0.7888673
422.000000 1.4038615 -0.8225029 0.4046112 -0.0662570 -0.4565275 -0.4178686 0.7826740
424.000000 1.4268061 -0.8407823 0.4204444 -0.0717410 -0.4798824 -0.4150895 0.7695888
436.000000 1.5314684 -0.9501790 0.5274614 -0.0614327 -0.5383946 -0.4502621 0.7096628
438.000000 1.5520240 -0.9657624 0.5427300 -0.0700609 -0.5469800 -0.4559151 0.6986027
448.000000 1.5861602 -1.0639181 0.6333994 -0.0789366 -0.5842044 -0.4635581 0.6615044
452.000000 1.5539584 -1.0892972 0.6754957 -0.0667330 -0.6022882 -0.4547206 0.6527058
454.000000 1.5357121 -1.0945393 0.6988767 -0.0650731 -0.6166974 -0.4495718 0.6429113
458.000000 1.4762578 -1.1101568 0.7519925 -0.0580318 -0.6311427 -0.4490448 0.6298015
462.000000 1.4189734 -1.1254846 0.8060789 -0.0567469 -0.6412059 -0.4528319 0.6169100
470.000000 1.2812737 -1.2094028 0.8681958 -0.0726612 -0.6311865 -0.4555151 0.6235624
476.000000 1.1875651 -1.2660248 0.8479499 -0.0683085 -0.6279058 -0.4778195 0.6105381
478.000000 1.1577241 -1.2811532 0.8384808 -0.0654267 -0.6390232 -0.4760205 0.6006439
481.000000 1.1120570 -1.3016566 0.8254657 -0.0551856 -0.6490648 -0.4782091 0.5890548
483.000000 1.0950439 -1.3085644 0.8313999 -0.0508821 -0.6470028 -0.4826606 0.5880792
490.000000 1.0315453 -1.2998792 0.8355411 -0.0918696 -0.5987760 -0.5474120 0.5773797
493.000000 0.9993674 -1.2810037 0.8331554 -0.0914245 -0.5698549 -0.5743473 0.5805447
496.000000 0.9769520 -1.2614313 0.8499089 -0.0964379 -0.5571987 -0.5874894 0.5788658
499.000000 0.9547672 -1.2440395 0.8698490 -0.0856252 -0.5337846 -0.6080493 0.5813934
501.000000 0.9472175 -1.2125871 0.8771676 -0.0739613 -0.5209839 -0.6181998 0.5838959
503.000000 0.9462132 -1.1894621 0.8959720 -0.0820227 -0.5195856 -0.6204904 0.5816311
506.000000 0.9358844 -1.1550167 0.9171197 -0.1009363 -0.5042713 -0.6313483 0.5804495
510.000000 0.9420457 -1.0923728 0.9370336 -0.1150849 -0.4822232 -0.6356436 0.5917546
512.000000 0.9475152 -1.0620754 0.9435537 -0.1286406 -0.4788118 -0.6359860 0.5913652
514.000000 0.9574807 -1.0220227 0.9456680 -0.1372444 -0.4764326 -0.6329632 0.5945868
517.000000 0.9719250 -0.9727436 0.9367481 -0.1467196 -0.4771382 -0.6308228 0.5940329
520.000000 0.9907763 -0.9271618 0.9207127 -0.1540232 -0.4728490 -0.6301793 0.5962924
523.000000 1.0098978 -0.8841788 0.8983586 -0.1648911 -0.4688394 -0.6264071 0.6005121
526.000000 1.0258646 -0.8432342 0.8738409 -0.1812796 -0.4579609 -0.6265132 0.6040618
529.000000 1.0410728 -0.8046553 0.8471662 -0.1921952 -0.4554015 -0.6239520 0.6052721
