210.000000 0.0000000 0.0000000 0.0000000 0.0000000 0.0000000 0.0000000 1.0000000
212.000000 -0.0408821 0.0087159 -0.0069199 -0.0030657 0.0038418 -0.0057642 0.9999713
218.000000 -0.1465098 -0.0039604 -0.0086728 -0.0227861 0.0087370 0.0098797 0.9996533
219.000000 -0.1686339 -0.0076046 -0.0111865 -0.0246461 0.0080477 0.0161163 0.9995340
220.000000 -0.1833434 -0.0145936 -0.0094759 -0.0268943 -0.0001786 0.0275340 0.9992590
232.000000 -0.2893563 -0.0620769 0.0409240 -0.0189448 0.0886764 0.0811791 0.9925662
233.000000 -0.3003959 -0.0700437 0.0458797 -0.0224878 0.1025648 0.0837229 0.9909416
241.000000 -0.3926539 -0.0941616 0.0910007 -0.0267303 0.1644180 0.0761690 0.9830822
249.000000 -0.4616283 -0.1437010 0.1576220 -0.0404014 0.1921881 0.0690805 0.9780896
259.000000 -0.4888272 -0.1907976 0.2345969 -0.0393211 0.2014147 0.0364141 0.9780388
261.000000 -0.4850083 -0.2042425 0.2455260 -0.0488885 0.2040101 0.0379676 0.9770098
263.000000 -0.4731846 -0.2066836 0.2432617 -0.0428303 0.2015389 0.0333389 0.9779755
270.000000 -0.4196788 -0.1938506 0.2284344 -0.0438050 0.2252777 0.0457147 0.9722351
272.000000 -0.3993694 -0.1789771 0.2194317 -0.0413605 0.2341823 0.0581831 0.9695683
295.000000 -0.3288966 0.0206847 0.1389276 -0.1746968 0.2085913 0.0540788 0.9607529
298.000000 -0.3264638 0.0404579 0.1134695 -0.1713853 0.1929708 0.0197337 0.9659192
304.000000 -0.2634949 0.0724888 0.0364775 -0.1786123 0.1486424 -0.0194529 0.9724324
310.000000 -0.1911733 0.0749486 -0.0300404 -0.1608098 0.1048375 -0.0581737 0.9796761
314.000000 -0.1341659 0.0735460 -0.0676791 -0.1473427 0.0834546 -0.0828169 0.9820727
326.000000 0.0560420 0.0065938 -0.1277454 -0.1317075 0.0400431 -0.1038131 0.9850241
330.000000 0.1207047 -0.0459068 -0.1521008 -0.1176905 0.0305987 -0.1230612 0.9849206
332.000000 0.1465030 -0.0868295 -0.1655958 -0.1160807 0.0272685 -0.1438610 0.9823878
338.000000 0.2029188 -0.1825791 -0.2143386 -0.1024302 0.0045542 -0.1871415 0.9769675
340.000000 0.2113815 -0.2066710 -0.2338907 -0.0924834 0.0017048 -0.1996956 0.9754822
342.000000 0.2085162 -0.2380147 -0.2511983 -0.0844958 -0.0124587 -0.2034128 0.9753607
344.000000 0.2262987 -0.2434939 -0.2733080 -0.0725302 -0.0452272 -0.2035487 0.9753265
347.000000 0.2600549 -0.2937228 -0.2843032 -0.0811207 -0.0933007 -0.2143029 0.9689111
350.000000 0.2966643 -0.3395138 -0.3015639 -0.0733957 -0.1116069 -0.2371178 0.9622537
352.000000 0.3253928 -0.3649723 -0.3170761 -0.0671602 -0.1193603 -0.2495931 0.9586167
354.000000 0.3486549 -0.4336748 -0.3253874 -0.0718065 -0.1255159 -0.2697791 0.9520025
356.000000 0.3653793 -0.4721487 -0.3443246 -0.0433393 -0.1137888 -0.2871343 0.9501199
360.000000 0.3666782 -0.4985238 -0.3632166 0.0253343 -0.1252637 -0.3441314 0.9301832
362.000000 0.3768439 -0.5025106 -0.3627213 0.0374673 -0.1616196 -0.3646538 0.9162439
364.000000 0.3914138 -0.5331186 -0.3333081 0.0302583 -0.1944100 -0.4008865 0.8947509
368.000000 0.4086041 -0.5565299 -0.2801858 0.0601239 -0.2227013 -0.4592979 0.8578081
370.000000 0.4591619 -0.5300073 -0.2329192 0.0469241 -0.2448201 -0.4875703 0.8367416
372.000000 0.4660301 -0.5391299 -0.1883259 0.0136053 -0.2564278 -0.5068871 0.8228762
374.000000 0.4830365 -0.5468209 -0.1461675 -0.0138004 -0.2669010 -0.5171052 0.8131271
379.000000 0.5486234 -0.5732055 -0.0488898 -0.0723161 -0.3282338 -0.4653185 0.8188478
382.000000 0.6072716 -0.5969005 -0.0001080 -0.0954011 -0.3585223 -0.4371831 0.8192871
385.000000 0.6759811 -0.6178985 0.0410111 -0.0966269 -0.3836235 -0.4072642 0.8231842
388.000000 0.7489321 -0.6377089 0.0857061 -0.0990005 -0.4112629 -0.3754421 0.8246847
395.000000 0.9314128 -0.6579535 0.2011992 -0.0645694 -0.4353519 -0.3256609 0.8368061
403.000000 1.1158314 -0.6407100 0.2513129 -0.0824959 -0.4483644 -0.3330942 0.8253557
406.000000 1.1794560 -0.6805232 0.2720512 -0.0724968 -0.4468744 -0.3575707 0.8168175
408.000000 1.1999475 -0.7012237 0.2707008 -0.0709468 -0.4337177 -0.3713534 0.8178950
411.000000 1.2603185 -0.7208574 0.2843726 -0.0684878 -0.4466630 -0.3757659 0.8090745
413.000000 1.2942346 -0.7401661 0.3062717 -0.0698328 -0.4433816 -0.3784661 0.8095058
418.000000 1.3639200 -0.7878381 0.3645284 -0.0709883 -0.4429019 -0.4074301 0.7954868
420.000000 1.3850552 -0.8064479 0.3858258 -0.0591085 -0.4490997 -0.4153959 0.7888358
422.000000 1.4040034 -0.8224597 0.4049152 -0.0662594 -0.4566144 -0.4178093 0.7826546
424.000000 1.4267418 -0.8408957 0.4208737 -0.0718114 -0.4799758 -0.4150521 0.7695441
436.000000 1.5315925 -0.9504612 0.5280467 -0.0614984 -0.5385348 -0.4502159 0.7095801
438.000000 1.5521994 -0.9652332 0.5430081 -0.0698987 -0.5470342 -0.4558489 0.6986198
448.000000 1.5863522 -1.0638276 0.6340252 -0.0788576 -0.5843410 -0.4635247 0.6614166
452.000000 1.5541297 -1.0891385 0.6764908 -0.0666877 -0.6025232 -0.4545727 0.6525965
454.000000 1.5358101 -1.0946809 0.6993190 -0.0650588 -0.6167860 -0.4495666 0.6428314
458.000000 1.4761832 -1.1099836 0.7523937 -0.0580212 -0.6312192 -0.4489914 0.6297640
462.000000 1.4188020 -1.1252571 0.8065690 -0.0567141 -0.6412964 -0.4527960 0.6168453
470.000000 1.2810831 -1.2090461 0.8682147 -0.0726120 -0.6311839 -0.4555039 0.6235788
476.000000 1.1873443 -1.2658805 0.8478482 -0.0682917 -0.6278666 -0.4778540 0.6105533
478.000000 1.1576712 -1.2812697 0.8383321 -0.0654736 -0.6389876 -0.4760253 0.6006729
481.000000 1.1120570 -1.3016566 0.8254657 -0.0551856 -0.6490648 -0.4782091 0.5890548
483.000000 1.0950439 -1.3085644 0.8313999 -0.0508821 -0.6470028 -0.4826606 0.5880792
490.000000 1.0312566 -1.2997545 0.8357271 -0.0918996 -0.5987924 -0.5474038 0.5773658
493.000000 0.9989184 -1.2809565 0.8330935 -0.0915138 -0.5698082 -0.5743514 0.5805724
499.000000 0.9543452 -1.2443037 0.8694313 -0.0856970 -0.5336293 -0.6082097 0.5813577
501.000000 0.9464225 -1.2132885 0.8771199 -0.0742364 -0.5209166 -0.6184447 0.5836617
503.000000 0.9459624 -1.1901433 0.8962026 -0.0821882 -0.5196840 -0.6205732 0.5814316
506.000000 0.9352735 -1.1559685 0.9166431 -0.1012156 -0.5040491 -0.6317035 0.5802074
510.000000 0.9415193 -1.0932688 0.9374292 -0.1154013 -0.4823572 -0.6358020 0.5914135
512.000000 0.9471478 -1.0631375 0.9440820 -0.1289712 -0.4790079 -0.6361545 0.5909529
514.000000 0.9567981 -1.0230678 0.9459523 -0.1376767 -0.4765019 -0.6332535 0.5941221
517.000000 0.9718235 -0.9731681 0.9370403 -0.1468800 -0.4772819 -0.6308686 0.5938292
520.000000 0.9909488 -0.9273385 0.9208252 -0.1540706 -0.4729181 -0.6302731 0.5961263
523.000000 1.0103519 -0.8843718 0.8979708 -0.1651273 -0.4687496 -0.6263835 0.6005418
526.000000 1.0263774 -0.8437896 0.8735526 -0.1818375 -0.4580063 -0.6263058 0.6040750
529.000000 1.0423130 -0.8037730 0.8464097 -0.1919323 -0.4551933 -0.6233088 0.6061742
532.000000 1.0503809 -0.7760438 0.8180738 -0.1942320 -0.4577429 -0.6217577 0.6051139
535.000000 1.0547433 -0.7516444 0.7935434 -0.2022854 -0.4528113 -0.6189904 0.6090102
