210.000000 0.0000000 0.0000000 0.0000000 0.0000000 0.0000000 0.0000000 1.0000000
211.000000 -0.0204547 0.0047664 -0.0032974 0.0005944 0.0020225 -0.0026784 0.9999942
212.000000 -0.0417825 0.0096140 -0.0063174 -0.0025120 0.0039687 -0.0051654 0.9999756
214.000000 -0.0797120 0.0054635 -0.0069507 -0.0126797 0.0031657 -0.0011560 0.9999139
218.000000 -0.1505228 -0.0028844 -0.0056933 -0.0221763 0.0099359 0.0102175 0.9996525
219.000000 -0.1736557 -0.0071694 -0.0082779 -0.0241306 0.0094133 0.0167912 0.9995235
220.000000 -0.1888084 -0.0152777 -0.0061723 -0.0267546 0.0011613 0.0289447 0.9992222
228.000000 -0.2627988 -0.0455295 0.0338413 -0.0171900 0.0330862 0.0573718 0.9976564
232.000000 -0.2994497 -0.0592169 0.0508244 -0.0169348 0.0927806 0.0806535 0.9922701
233.000000 -0.3106790 -0.0674362 0.0564545 -0.0204563 0.1068273 0.0833642 0.9905654
241.000000 -0.4027103 -0.0902547 0.1045664 -0.0241259 0.1689076 0.0756612 0.9824274
249.000000 -0.4709810 -0.1379067 0.1739739 -0.0370229 0.1969850 0.0678270 0.9773565
259.000000 -0.4971073 -0.1838941 0.2508093 -0.0354881 0.2061075 0.0346596 0.9772712
261.000000 -0.4933846 -0.1972613 0.2617526 -0.0449739 0.2088015 0.0362351 0.9762511
263.000000 -0.4816083 -0.1999570 0.2591667 -0.0390671 0.2062897 0.0316780 0.9771974
270.000000 -0.4288349 -0.1879240 0.2432310 -0.0402359 0.2299860 0.0442164 0.9713560
272.000000 -0.4077135 -0.1726092 0.2339780 -0.0374624 0.2384569 0.0568852 0.9687616
276.000000 -0.3658435 -0.1213402 0.2146797 -0.0463109 0.2557682 0.0869155 0.9617087
281.000000 -0.3485024 -0.0929786 0.2070269 -0.0794430 0.2578634 0.1395844 0.9527389
285.000000 -0.3439288 -0.0597013 0.1977454 -0.0993306 0.2609524 0.1309370 0.9512585
288.000000 -0.3439698 -0.0261567 0.1915836 -0.1187471 0.2578625 0.1099684 0.9525298
291.000000 -0.3443023 0.0055047 0.1808483 -0.1477796 0.2410956 0.0890167 0.9550446
293.000000 -0.3421946 0.0183638 0.1698932 -0.1629808 0.2243511 0.0756013 0.9578039
295.000000 -0.3399541 0.0280209 0.1530918 -0.1697853 0.2142367 0.0546620 0.9603581
298.000000 -0.3352047 0.0504298 0.1263038 -0.1653038 0.1972138 0.0199649 0.9661174
300.000000 -0.3181209 0.0626680 0.0992332 -0.1681385 0.1749047 0.0001320 0.9701226
302.000000 -0.2979163 0.0751983 0.0711619 -0.1735129 0.1592991 -0.0114884 0.9717948
