210.000000 0.0000000 0.0000000 0.0000000 0.0000000 0.0000000 0.0000000 1.0000000
211.000000 -0.0202845 0.0045796 -0.0037943 0.0004429 0.0018619 -0.0027548 0.9999944
212.000000 -0.0413816 0.0088741 -0.0071751 -0.0029444 0.0036788 -0.0052001 0.9999754
218.000000 -0.1511609 -0.0045046 -0.0085551 -0.0229937 0.0097674 0.0102451 0.9996354
219.000000 -0.1733950 -0.0085688 -0.0114201 -0.0249256 0.0088800 0.0167721 0.9995092
220.000000 -0.1889082 -0.0165388 -0.0093748 -0.0274894 0.0008947 0.0286685 0.9992105
232.000000 -0.2984917 -0.0653318 0.0432232 -0.0198825 0.0910121 0.0818033 0.9922851
233.000000 -0.3103831 -0.0739236 0.0486532 -0.0236252 0.1052421 0.0842354 0.9905909
241.000000 -0.4047127 -0.0980247 0.0964715 -0.0277261 0.1677801 0.0766621 0.9824480
249.000000 -0.4750611 -0.1483056 0.1655780 -0.0416117 0.1960992 0.0693357 0.9772441
259.000000 -0.5020621 -0.1954371 0.2443548 -0.0404349 0.2053525 0.0364458 0.9771730
261.000000 -0.4981484 -0.2094563 0.2554689 -0.0501874 0.2079814 0.0380779 0.9761020
263.000000 -0.4860719 -0.2117443 0.2528871 -0.0440928 0.2054346 0.0334221 0.9771056
270.000000 -0.4321096 -0.1988589 0.2370346 -0.0450497 0.2291708 0.0457787 0.9712650
272.000000 -0.4107637 -0.1835976 0.2274718 -0.0425249 0.2376484 0.0584006 0.9686611
295.000000 -0.3368846 0.0215857 0.1434678 -0.1741570 0.2099241 0.0545535 0.9605338
298.000000 -0.3340486 0.0421802 0.1173451 -0.1706554 0.1940222 0.0200135 0.9658321
304.000000 -0.2694186 0.0748074 0.0379085 -0.1779670 0.1491829 -0.0191574 0.9724737
310.000000 -0.1951122 0.0770049 -0.0304653 -0.1603605 0.1049758 -0.0577247 0.9797614
314.000000 -0.1358593 0.0758776 -0.0690020 -0.1466804 0.0829661 -0.0822634 0.9822598
324.000000 0.0252535 0.0383357 -0.1198358 -0.1341382 0.0470090 -0.1027400 0.9845007
326.000000 0.0604822 0.0072759 -0.1295714 -0.1312323 0.0382885 -0.1034132 0.9851993
328.000000 0.0952782 -0.0141889 -0.1409639 -0.1291358 0.0320962 -0.1095219 0.9850374
330.000000 0.1257342 -0.0458250 -0.1537243 -0.1171276 0.0291073 -0.1232073 0.9850146
332.000000 0.1519791 -0.0861838 -0.1675153 -0.1148017 0.0260940 -0.1437641 0.9825841
334.000000 0.1718175 -0.1139438 -0.1844048 -0.1076959 0.0227468 -0.1575282 0.9813608
336.000000 0.1894954 -0.1472894 -0.2004848 -0.1029746 0.0122880 -0.1704365 0.9798962
