210.000000 0.0000000 0.0000000 0.0000000 0.0000000 0.0000000 0.0000000 1.0000000
212.000000 -0.0408821 0.0087159 -0.0069199 -0.0030657 0.0038418 -0.0057642 0.9999713
218.000000 -0.1465098 -0.0039604 -0.0086728 -0.0227861 0.0087370 0.0098797 0.9996533
219.000000 -0.1686339 -0.0076046 -0.0111865 -0.0246461 0.0080477 0.0161163 0.9995340
220.000000 -0.1833434 -0.0145936 -0.0094759 -0.0268943 -0.0001786 0.0275340 0.9992590
232.000000 -0.2893563 -0.0620769 0.0409240 -0.0189448 0.0886764 0.0811791 0.9925662
233.000000 -0.3003959 -0.0700437 0.0458797 -0.0224878 0.1025648 0.0837229 0.9909416
241.000000 -0.3926539 -0.0941616 0.0910007 -0.0267303 0.1644180 0.0761690 0.9830822
249.000000 -0.4616283 -0.1437010 0.1576220 -0.0404014 0.1921881 0.0690805 0.9780896
259.000000 -0.4888272 -0.1907976 0.2345969 -0.0393211 0.2014147 0.0364141 0.9780388
261.000000 -0.4850083 -0.2042425 0.2455260 -0.0488885 0.2040101 0.0379676 0.9770098
263.000000 -0.4731846 -0.2066836 0.2432617 -0.0428303 0.2015389 0.0333389 0.9779755
270.000000 -0.4196788 -0.1938506 0.2284344 -0.0438050 0.2252777 0.0457147 0.9722351
272.000000 -0.3993694 -0.1789771 0.2194317 -0.0413605 0.2341823 0.0581831 0.9695683
295.000000 -0.3288966 0.0206847 0.1389276 -0.1746968 0.2085913 0.0540788 0.9607529
298.000000 -0.3264638 0.0404579 0.1134695 -0.1713853 0.1929708 0.0197337 0.9659192
304.000000 -0.2634949 0.0724888 0.0364775 -0.1786123 0.1486424 -0.0194529 0.9724324
310.000000 -0.1911733 0.0749486 -0.0300404 -0.1608098 0.1048375 -0.0581737 0.9796761
314.000000 -0.1341659 0.0735460 -0.0676791 -0.1473427 0.0834546 -0.0828169 0.9820727
326.000000 0.0560420 0.0065938 -0.1277454 -0.1317075 0.0400431 -0.1038131 0.9850241
330.000000 0.1207047 -0.0459068 -0.1521008 -0.1176905 0.0305987 -0.1230612 0.9849206
332.000000 0.1465030 -0.0868295 -0.1655958 -0.1160807 0.0272685 -0.1438610 0.9823878
338.000000 0.2029188 -0.1825791 -0.2143386 -0.1024302 0.0045542 -0.1871415 0.9769675
340.000000 0.2113815 -0.2066710 -0.2338907 -0.0924834 0.0017048 -0.1996956 0.9754822
342.000000 0.2085162 -0.2380147 -0.2511983 -0.0844958 -0.0124587 -0.2034128 0.9753607
344.000000 0.2262987 -0.2434939 -0.2733080 -0.0725302 -0.0452272 -0.2035487 0.9753265
347.000000 0.2600549 -0.2937228 -0.2843032 -0.0811207 -0.0933007 -0.2143029 0.9689111
350.000000 0.2966643 -0.3395138 -0.3015639 -0.0733957 -0.1116069 -0.2371178 0.9622537
352.000000 0.3253928 -0.3649723 -0.3170761 -0.0671602 -0.1193603 -0.2495931 0.9586167
354.000000 0.3486549 -0.4336748 -0.3253874 -0.0718065 -0.1255159 -0.2697791 0.9520025
356.000000 0.3653793 -0.4721487 -0.3443246 -0.0433393 -0.1137888 -0.2871343 0.9501199
360.000000 0.3666782 -0.4985238 -0.3632166 0.0253343 -0.1252637 -0.3441314 0.9301832
362.000000 0.3768439 -0.5025106 -0.3627213 0.0374673 -0.1616196 -0.3646538 0.9162439
364.000000 0.3914138 -0.5331186 -0.3333081 0.0302583 -0.1944100 -0.4008865 0.8947509
368.000000 0.4086041 -0.5565299 -0.2801858 0.0601239 -0.2227013 -0.4592979 0.8578081
370.000000 0.4591619 -0.5300073 -0.2329192 0.0469241 -0.2448201 -0.4875703 0.8367416
372.000000 0.4660301 -0.5391299 -0.1883259 0.0136053 -0.2564278 -0.5068871 0.8228762
374.000000 0.4830365 -0.5468209 -0.1461675 -0.0138004 -0.2669010 -0.5171052 0.8131271
379.000000 0.5486234 -0.5732055 -0.0488898 -0.0723161 -0.3282338 -0.4653185 0.8188478
382.000000 0.6072716 -0.5969005 -0.0001080 -0.0954011 -0.3585223 -0.4371831 0.8192871
385.000000 0.6759811 -0.6178985 0.0410111 -0.0966269 -0.3836235 -0.4072642 0.8231842
388.000000 0.7489321 -0.6377089 0.0857061 -0.0990005 -0.4112629 -0.3754421 0.8246847
395.000000 0.9314128 -0.6579535 0.2011992 -0.0645694 -0.4353519 -0.3256609 0.8368061
403.000000 1.1164715 -0.6403828 0.2513245 -0.0821853 -0.4483982 -0.3331954 0.8253275
406.000000 1.1805321 -0.6806620 0.2722472 -0.0721979 -0.4470613 -0.3577362 0.8166691
408.000000 1.2011356 -0.7014413 0.2710787 -0.0706684 -0.4339704 -0.3714673 0.8177333
411.000000 1.2617824 -0.7214796 0.2852694 -0.0682872 -0.4471319 -0.3758596 0.8087888
413.000000 1.2955934 -0.7405318 0.3075095 -0.0696372 -0.4438344 -0.3785530 0.8092338
418.000000 1.3654683 -0.7884181 0.3669413 -0.0708712 -0.4437092 -0.4073622 0.7950820
420.000000 1.3862633 -0.8076637 0.3869770 -0.0590675 -0.4494740 -0.4156719 0.7884802
422.000000 1.4053067 -0.8235465 0.4056056 -0.0659790 -0.4568233 -0.4182879 0.7823008
424.000000 1.4284608 -0.8417133 0.4220707 -0.0714907 -0.4803799 -0.4152708 0.7692038
434.000000 1.5139478 -0.9352396 0.5137306 -0.0648530 -0.5274826 -0.4455658 0.7204355
436.000000 1.5327076 -0.9510916 0.5305727 -0.0611328 -0.5391173 -0.4505192 0.7089766
438.000000 1.5533428 -0.9663742 0.5458768 -0.0696334 -0.5476959 -0.4561926 0.6979030
448.000000 1.5867774 -1.0611526 0.6402630 -0.0777591 -0.5857567 -0.4631605 0.6605490
452.000000 1.5544510 -1.0851219 0.6825417 -0.0652755 -0.6038751 -0.4541099 0.6518115
454.000000 1.5361055 -1.0911378 0.7052709 -0.0638507 -0.6181267 -0.4490564 0.6420209
458.000000 1.4760597 -1.1063712 0.7585530 -0.0567945 -0.6326256 -0.4484746 0.6288320
462.000000 1.4186841 -1.1217221 0.8123876 -0.0554739 -0.6426774 -0.4522858 0.6158945
470.000000 1.2794328 -1.2046034 0.8766035 -0.0721129 -0.6332753 -0.4543940 0.6223248
476.000000 1.1852438 -1.2630212 0.8561833 -0.0680816 -0.6299151 -0.4769948 0.6091370
478.000000 1.1550039 -1.2765899 0.8470435 -0.0652234 -0.6410760 -0.4749300 0.5993406
481.000000 1.1093358 -1.2976391 0.8343627 -0.0552358 -0.6511059 -0.4770293 0.5877526
483.000000 1.0924085 -1.3036102 0.8408824 -0.0509290 -0.6491724 -0.4812671 0.5868248
490.000000 1.0302684 -1.2942463 0.8441776 -0.0915173 -0.6009720 -0.5461181 0.5763785
493.000000 0.9983225 -1.2755908 0.8429991 -0.0912709 -0.5724490 -0.5726997 0.5796437
496.000000 0.9774337 -1.2555603 0.8591875 -0.0958330 -0.5598747 -0.5856497 0.5782480
499.000000 0.9550991 -1.2382784 0.8804564 -0.0852977 -0.5370415 -0.6058046 0.5807853
501.000000 0.9472150 -1.2082360 0.8849820 -0.0737512 -0.5233244 -0.6166844 0.5834317
503.000000 0.9463638 -1.1846863 0.9031382 -0.0811168 -0.5218760 -0.6192362 0.5810439
506.000000 0.9366525 -1.1522653 0.9246936 -0.1006724 -0.5072604 -0.6296288 0.5797581
508.000000 0.9348069 -1.1255105 0.9342898 -0.1065942 -0.4948353 -0.6340802 0.5845665
