210.000000 0.0000000 0.0000000 0.0000000 0.0000000 0.0000000 0.0000000 1.0000000
212.000000 -0.0408821 0.0087159 -0.0069199 -0.0030657 0.0038418 -0.0057642 0.9999713
218.000000 -0.1465098 -0.0039604 -0.0086728 -0.0227861 0.0087370 0.0098797 0.9996533
219.000000 -0.1686339 -0.0076046 -0.0111865 -0.0246461 0.0080477 0.0161163 0.9995340
220.000000 -0.1833434 -0.0145936 -0.0094759 -0.0268943 -0.0001786 0.0275340 0.9992590
232.000000 -0.2893563 -0.0620769 0.0409240 -0.0189448 0.0886764 0.0811791 0.9925662
233.000000 -0.3003959 -0.0700437 0.0458797 -0.0224878 0.1025648 0.0837229 0.9909416
241.000000 -0.3926539 -0.0941616 0.0910007 -0.0267303 0.1644180 0.0761690 0.9830822
249.000000 -0.4616283 -0.1437010 0.1576220 -0.0404014 0.1921881 0.0690805 0.9780896
259.000000 -0.4888272 -0.1907976 0.2345969 -0.0393211 0.2014147 0.0364141 0.9780388
261.000000 -0.4850083 -0.2042425 0.2455260 -0.0488885 0.2040101 0.0379676 0.9770098
263.000000 -0.4731846 -0.2066836 0.2432617 -0.0428303 0.2015389 0.0333389 0.9779755
270.000000 -0.4196788 -0.1938506 0.2284344 -0.0438050 0.2252777 0.0457147 0.9722351
272.000000 -0.3993694 -0.1789771 0.2194317 -0.0413605 0.2341823 0.0581831 0.9695683
295.000000 -0.3288966 0.0206847 0.1389276 -0.1746968 0.2085913 0.0540788 0.9607529
298.000000 -0.3264638 0.0404579 0.1134695 -0.1713853 0.1929708 0.0197337 0.9659192
304.000000 -0.2634949 0.0724888 0.0364775 -0.1786123 0.1486424 -0.0194529 0.9724324
310.000000 -0.1911733 0.0749486 -0.0300404 -0.1608098 0.1048375 -0.0581737 0.9796761
314.000000 -0.1341659 0.0735460 -0.0676791 -0.1473427 0.0834546 -0.0828169 0.9820727
326.000000 0.0560420 0.0065938 -0.1277454 -0.1317075 0.0400431 -0.1038131 0.9850241
330.000000 0.1207047 -0.0459068 -0.1521008 -0.1176905 0.0305987 -0.1230612 0.9849206
332.000000 0.1465030 -0.0868295 -0.1655958 -0.1160807 0.0272685 -0.1438610 0.9823878
338.000000 0.2029188 -0.1825791 -0.2143386 -0.1024302 0.0045542 -0.1871415 0.9769675
340.000000 0.2113815 -0.2066710 -0.2338907 -0.0924834 0.0017048 -0.1996956 0.9754822
342.000000 0.2085162 -0.2380147 -0.2511983 -0.0844958 -0.0124587 -0.2034128 0.9753607
344.000000 0.2262987 -0.2434939 -0.2733080 -0.0725302 -0.0452272 -0.2035487 0.9753265
347.000000 0.2600549 -0.2937228 -0.2843032 -0.0811207 -0.0933007 -0.2143029 0.9689111
350.000000 0.2966643 -0.3395138 -0.3015639 -0.0733957 -0.1116069 -0.2371178 0.9622537
352.000000 0.3253928 -0.3649723 -0.3170761 -0.0671602 -0.1193603 -0.2495931 0.9586167
354.000000 0.3486549 -0.4336748 -0.3253874 -0.0718065 -0.1255159 -0.2697791 0.9520025
356.000000 0.3653793 -0.4721487 -0.3443246 -0.0433393 -0.1137888 -0.2871343 0.9501199
360.000000 0.3666782 -0.4985238 -0.3632166 0.0253343 -0.1252637 -0.3441314 0.9301832
362.000000 0.3768439 -0.5025106 -0.3627213 0.0374673 -0.1616196 -0.3646538 0.9162439
364.000000 0.3914138 -0.5331186 -0.3333081 0.0302583 -0.1944100 -0.4008865 0.8947509
368.000000 0.4086041 -0.5565299 -0.2801858 0.0601239 -0.2227013 -0.4592979 0.8578081
370.000000 0.4591619 -0.5300073 -0.2329192 0.0469241 -0.2448201 -0.4875703 0.8367416
372.000000 0.4660301 -0.5391299 -0.1883259 0.0136053 -0.2564278 -0.5068871 0.8228762
374.000000 0.4830365 -0.5468209 -0.1461675 -0.0138004 -0.2669010 -0.5171052 0.8131271
379.000000 0.5486234 -0.5732055 -0.0488898 -0.0723161 -0.3282338 -0.4653185 0.8188478
382.000000 0.6072716 -0.5969005 -0.0001080 -0.0954011 -0.3585223 -0.4371831 0.8192871
385.000000 0.6759811 -0.6178985 0.0410111 -0.0966269 -0.3836235 -0.4072642 0.8231842
388.000000 0.7489321 -0.6377089 0.0857061 -0.0990005 -0.4112629 -0.3754421 0.8246847
395.000000 0.9299446 -0.6568117 0.2004956 -0.0643531 -0.4348991 -0.3259175 0.8369583
403.000000 1.1156533 -0.6403189 0.2511525 -0.0822762 -0.4483215 -0.3332271 0.8253473
406.000000 1.1786351 -0.6798924 0.2712756 -0.0723707 -0.4466397 -0.3576118 0.8169389
408.000000 1.1992331 -0.7004173 0.2707090 -0.0706965 -0.4336626 -0.3714661 0.8178946
411.000000 1.2588193 -0.7190917 0.2843962 -0.0681510 -0.4465099 -0.3757262 0.8092059
413.000000 1.2933315 -0.7396737 0.3058115 -0.0697420 -0.4432337 -0.3785209 0.8095689
418.000000 1.3632543 -0.7875834 0.3635899 -0.0708212 -0.4426372 -0.4077111 0.7955051
420.000000 1.3845417 -0.8059154 0.3849173 -0.0588810 -0.4488747 -0.4155866 0.7888804
422.000000 1.4032362 -0.8215158 0.4041069 -0.0659444 -0.4563683 -0.4180171 0.7827139
424.000000 1.4259245 -0.8407651 0.4196166 -0.0716923 -0.4796428 -0.4153843 0.7695836
436.000000 1.5308356 -0.9494021 0.5263123 -0.0611637 -0.5381286 -0.4504859 0.7097458
438.000000 1.5515532 -0.9643190 0.5415487 -0.0696192 -0.5467165 -0.4560896 0.6987392
448.000000 1.5856657 -1.0618246 0.6322170 -0.0784288 -0.5839852 -0.4636134 0.6617196
452.000000 1.5537174 -1.0877147 0.6744164 -0.0663388 -0.6021175 -0.4547178 0.6529053
454.000000 1.5356808 -1.0932037 0.6970696 -0.0646560 -0.6163613 -0.4497089 0.6431798
458.000000 1.4761958 -1.1088004 0.7500255 -0.0576526 -0.6307929 -0.4491853 0.6300866
462.000000 1.4188801 -1.1245377 0.8041227 -0.0564125 -0.6408648 -0.4530270 0.6171519
470.000000 1.2802685 -1.2079284 0.8665910 -0.0724554 -0.6309063 -0.4556636 0.6237613
476.000000 1.1862940 -1.2652317 0.8460351 -0.0682978 -0.6275294 -0.4780852 0.6107182
478.000000 1.1566193 -1.2804182 0.8364240 -0.0654565 -0.6386372 -0.4762543 0.6008658
481.000000 1.1108384 -1.3010745 0.8235555 -0.0552467 -0.6487014 -0.4784741 0.5892341
483.000000 1.0936947 -1.3078679 0.8296727 -0.0509672 -0.6466650 -0.4829173 0.5882326
490.000000 1.0300196 -1.2990478 0.8334785 -0.0919016 -0.5982752 -0.5477996 0.5775262
493.000000 0.9972148 -1.2805276 0.8309281 -0.0916937 -0.5692655 -0.5748408 0.5805920
499.000000 0.9517919 -1.2454257 0.8670069 -0.0864599 -0.5329689 -0.6089829 0.5810410
501.000000 0.9445409 -1.2139543 0.8752363 -0.0747639 -0.5204725 -0.6189563 0.5834482
503.000000 0.9440368 -1.1912193 0.8949138 -0.0828359 -0.5194731 -0.6209472 0.5811287
506.000000 0.9334452 -1.1571000 0.9150398 -0.1018595 -0.5036967 -0.6322123 0.5798464
512.000000 0.9442961 -1.0649512 0.9426420 -0.1302172 -0.4785308 -0.6371490 0.5899940
514.000000 0.9544529 -1.0242238 0.9444703 -0.1384529 -0.4759940 -0.6342775 0.5932559
517.000000 0.9692321 -0.9749666 0.9354519 -0.1479577 -0.4766749 -0.6322126 0.5926186
520.000000 0.9887903 -0.9294811 0.9189378 -0.1551791 -0.4722995 -0.6314539 0.5950786
523.000000 1.0094231 -0.8853235 0.8956686 -0.1656048 -0.4680305 -0.6271908 0.6001285
526.000000 1.0253896 -0.8439565 0.8704121 -0.1820990 -0.4567003 -0.6272655 0.6039891
532.000000 1.0507319 -0.7743467 0.8136442 -0.1935091 -0.4560901 -0.6226670 0.6056582
535.000000 1.0552461 -0.7478775 0.7886435 -0.2007338 -0.4505888 -0.6197109 0.6104376
538.000000 1.0563307 -0.7208124 0.7664251 -0.2079857 -0.4469875 -0.6147470 0.6156544
541.000000 1.0559627 -0.6992594 0.7472539 -0.2091649 -0.4387384 -0.6071125 0.6286280
544.000000 1.0533855 -0.6842830 0.7251725 -0.2072724 -0.4464659 -0.5919069 0.6382418
547.000000 1.0431678 -0.6718384 0.6975555 -0.1904340 -0.4548168 -0.5798071 0.6486141
550.000000 1.0357550 -0.6682720 0.6749164 -0.1816118 -0.4612372 -0.5599188 0.6639038
553.000000 1.0335974 -0.6634748 0.6582359 -0.1798566 -0.4592821 -0.5448250 0.6781425
557.000000 1.0254438 -0.6609662 0.6423051 -0.1783632 -0.4486407 -0.5356857 0.6927835
560.000000 1.0243566 -0.6521004 0.6258124 -0.1731623 -0.4417545 -0.5217840 0.7089494
