210.000000 0.0000000 0.0000000 0.0000000 0.0000000 0.0000000 0.0000000 1.0000000
211.000000 -0.0202444 0.0046545 -0.0036867 0.0004890 0.0018293 -0.0027703 0.9999943
212.000000 -0.0413822 0.0090491 -0.0070333 -0.0028625 0.0036776 -0.0052598 0.9999753
218.000000 -0.1511935 -0.0043956 -0.0084481 -0.0229291 0.0097032 0.0102565 0.9996374
219.000000 -0.1734707 -0.0083329 -0.0112420 -0.0247863 0.0088306 0.0167024 0.9995142
220.000000 -0.1889186 -0.0166384 -0.0094144 -0.0275043 0.0008122 0.0286766 0.9992099
232.000000 -0.2985993 -0.0653115 0.0435235 -0.0198266 0.0909297 0.0818128 0.9922930
233.000000 -0.3104547 -0.0738556 0.0488894 -0.0235479 0.1051351 0.0842266 0.9906049
241.000000 -0.4049796 -0.0980427 0.0967328 -0.0276656 0.1677276 0.0766526 0.9824594
249.000000 -0.4753381 -0.1484718 0.1659424 -0.0415967 0.1960277 0.0693450 0.9772584
259.000000 -0.5023493 -0.1956125 0.2447808 -0.0404100 0.2052637 0.0364640 0.9771920
261.000000 -0.4984726 -0.2096325 0.2559575 -0.0501549 0.2079138 0.0380787 0.9761180
263.000000 -0.4863751 -0.2119915 0.2533253 -0.0440893 0.2053605 0.0334373 0.9771208
270.000000 -0.4323568 -0.1990732 0.2374200 -0.0450351 0.2290891 0.0457969 0.9712840
272.000000 -0.4109828 -0.1837941 0.2278830 -0.0425155 0.2375620 0.0584042 0.9686825
295.000000 -0.3369101 0.0216037 0.1437702 -0.1741667 0.2097718 0.0546110 0.9605621
298.000000 -0.3341928 0.0421893 0.1176482 -0.1706538 0.1939387 0.0200876 0.9658476
304.000000 -0.2697484 0.0744533 0.0381141 -0.1781684 0.1491752 -0.0189060 0.9724430
310.000000 -0.1956799 0.0767661 -0.0303111 -0.1605449 0.1051545 -0.0575308 0.9797235
314.000000 -0.1365160 0.0756138 -0.0690861 -0.1468952 0.0832224 -0.0821967 0.9822115
324.000000 0.0251199 0.0381192 -0.1199146 -0.1342623 0.0470645 -0.1026536 0.9844901
326.000000 0.0595805 0.0068108 -0.1300336 -0.1315132 0.0387731 -0.1034969 0.9851341
328.000000 0.0947605 -0.0145257 -0.1411293 -0.1293197 0.0324513 -0.1094371 0.9850111
330.000000 0.1255527 -0.0459194 -0.1537062 -0.1171689 0.0292616 -0.1231935 0.9850069
332.000000 0.1520126 -0.0867019 -0.1675598 -0.1150595 0.0260945 -0.1437272 0.9825594
334.000000 0.1724069 -0.1143113 -0.1843277 -0.1078841 0.0224837 -0.1574322 0.9813616
336.000000 0.1910926 -0.1491241 -0.1996036 -0.1038615 0.0114245 -0.1698069 0.9799224
