210.000000 0.0000000 0.0000000 0.0000000 0.0000000 0.0000000 0.0000000 1.0000000
211.000000 -0.0202983 0.0045573 -0.0037323 0.0004352 0.0018653 -0.0027696 0.9999943
212.000000 -0.0413510 0.0089222 -0.0071257 -0.0029293 0.0036646 -0.0052310 0.9999753
218.000000 -0.1513166 -0.0045469 -0.0085589 -0.0230043 0.0098072 0.0102628 0.9996346
219.000000 -0.1737330 -0.0086945 -0.0113620 -0.0249618 0.0089712 0.0167873 0.9995072
220.000000 -0.1890064 -0.0165228 -0.0092766 -0.0274705 0.0008998 0.0286493 0.9992116
232.000000 -0.2985865 -0.0651502 0.0434169 -0.0197679 0.0909793 0.0817278 0.9922966
233.000000 -0.3104578 -0.0737423 0.0488117 -0.0235071 0.1051937 0.0841876 0.9906029
241.000000 -0.4045828 -0.0974135 0.0966101 -0.0274064 0.1675968 0.0765635 0.9824959
249.000000 -0.4750970 -0.1479068 0.1657229 -0.0413798 0.1959823 0.0692428 0.9772840
259.000000 -0.5021086 -0.1949801 0.2444880 -0.0401550 0.2052502 0.0363405 0.9772100
261.000000 -0.4981387 -0.2090345 0.2555920 -0.0499267 0.2078489 0.0379560 0.9761483
263.000000 -0.4861326 -0.2112907 0.2530236 -0.0438117 0.2053337 0.0333180 0.9771430
270.000000 -0.4320351 -0.1984971 0.2372187 -0.0448094 0.2290345 0.0456766 0.9713130
272.000000 -0.4105752 -0.1830621 0.2276154 -0.0422129 0.2374623 0.0583075 0.9687260
295.000000 -0.3370421 0.0219792 0.1436420 -0.1738649 0.2099434 0.0544818 0.9605865
298.000000 -0.3340764 0.0426827 0.1174851 -0.1702912 0.1939802 0.0199674 0.9659057
304.000000 -0.2697044 0.0750670 0.0380698 -0.1777784 0.1492872 -0.0191478 0.9724924
310.000000 -0.1950372 0.0774536 -0.0304761 -0.1600114 0.1048652 -0.0575861 0.9798385
314.000000 -0.1357693 0.0761943 -0.0688453 -0.1464483 0.0829033 -0.0820865 0.9823145
320.000000 -0.0396384 0.0591859 -0.1048429 -0.1388630 0.0472093 -0.1001020 0.9841077
324.000000 0.0254629 0.0385370 -0.1198218 -0.1340017 0.0469311 -0.1026653 0.9845308
326.000000 0.0604227 0.0073182 -0.1297604 -0.1312150 0.0383774 -0.1035844 0.9851802
328.000000 0.0957101 -0.0134094 -0.1407370 -0.1287268 0.0320016 -0.1096985 0.9850744
330.000000 0.1263869 -0.0458002 -0.1538625 -0.1170470 0.0287721 -0.1233081 0.9850215
332.000000 0.1528951 -0.0869819 -0.1676118 -0.1151180 0.0256158 -0.1438460 0.9825477
