210.000000 0.0000000 0.0000000 0.0000000 0.0000000 0.0000000 0.0000000 1.0000000
212.000000 -0.0408821 0.0087159 -0.0069199 -0.0030657 0.0038418 -0.0057642 0.9999713
218.000000 -0.1465098 -0.0039604 -0.0086728 -0.0227861 0.0087370 0.0098797 0.9996533
219.000000 -0.1686339 -0.0076046 -0.0111865 -0.0246461 0.0080477 0.0161163 0.9995340
220.000000 -0.1833434 -0.0145936 -0.0094759 -0.0268943 -0.0001786 0.0275340 0.9992590
232.000000 -0.2893563 -0.0620769 0.0409240 -0.0189448 0.0886764 0.0811791 0.9925662
233.000000 -0.3003959 -0.0700437 0.0458797 -0.0224878 0.1025648 0.0837229 0.9909416
241.000000 -0.3926539 -0.0941616 0.0910007 -0.0267303 0.1644180 0.0761690 0.9830822
249.000000 -0.4616283 -0.1437010 0.1576220 -0.0404014 0.1921881 0.0690805 0.9780896
259.000000 -0.4888272 -0.1907976 0.2345969 -0.0393211 0.2014147 0.0364141 0.9780388
261.000000 -0.4850083 -0.2042425 0.2455260 -0.0488885 0.2040101 0.0379676 0.9770098
263.000000 -0.4731846 -0.2066836 0.2432617 -0.0428303 0.2015389 0.0333389 0.9779755
270.000000 -0.4196788 -0.1938506 0.2284344 -0.0438050 0.2252777 0.0457147 0.9722351
272.000000 -0.3993694 -0.1789771 0.2194317 -0.0413605 0.2341823 0.0581831 0.9695683
295.000000 -0.3288966 0.0206847 0.1389276 -0.1746968 0.2085913 0.0540788 0.9607529
298.000000 -0.3264638 0.0404579 0.1134695 -0.1713853 0.1929708 0.0197337 0.9659192
304.000000 -0.2634949 0.0724888 0.0364775 -0.1786123 0.1486424 -0.0194529 0.9724324
310.000000 -0.1911733 0.0749486 -0.0300404 -0.1608098 0.1048375 -0.0581737 0.9796761
314.000000 -0.1341659 0.0735460 -0.0676791 -0.1473427 0.0834546 -0.0828169 0.9820727
326.000000 0.0560420 0.0065938 -0.1277454 -0.1317075 0.0400431 -0.1038131 0.9850241
330.000000 0.1207047 -0.0459068 -0.1521008 -0.1176905 0.0305987 -0.1230612 0.9849206
332.000000 0.1465030 -0.0868295 -0.1655958 -0.1160807 0.0272685 -0.1438610 0.9823878
338.000000 0.2029188 -0.1825791 -0.2143386 -0.1024302 0.0045542 -0.1871415 0.9769675
340.000000 0.2113815 -0.2066710 -0.2338907 -0.0924834 0.0017048 -0.1996956 0.9754822
342.000000 0.2085162 -0.2380147 -0.2511983 -0.0844958 -0.0124587 -0.2034128 0.9753607
344.000000 0.2262987 -0.2434939 -0.2733080 -0.0725302 -0.0452272 -0.2035487 0.9753265
347.000000 0.2600549 -0.2937228 -0.2843032 -0.0811207 -0.0933007 -0.2143029 0.9689111
350.000000 0.2966643 -0.3395138 -0.3015639 -0.0733957 -0.1116069 -0.2371178 0.9622537
352.000000 0.3253928 -0.3649723 -0.3170761 -0.0671602 -0.1193603 -0.2495931 0.9586167
354.000000 0.3486549 -0.4336748 -0.3253874 -0.0718065 -0.1255159 -0.2697791 0.9520025
356.000000 0.3653793 -0.4721487 -0.3443246 -0.0433393 -0.1137888 -0.2871343 0.9501199
360.000000 0.3666782 -0.4985238 -0.3632166 0.0253343 -0.1252637 -0.3441314 0.9301832
362.000000 0.3768439 -0.5025106 -0.3627213 0.0374673 -0.1616196 -0.3646538 0.9162439
364.000000 0.3914138 -0.5331186 -0.3333081 0.0302583 -0.1944100 -0.4008865 0.8947509
368.000000 0.4086041 -0.5565299 -0.2801858 0.0601239 -0.2227013 -0.4592979 0.8578081
370.000000 0.4591619 -0.5300073 -0.2329192 0.0469241 -0.2448201 -0.4875703 0.8367416
372.000000 0.4660301 -0.5391299 -0.1883259 0.0136053 -0.2564278 -0.5068871 0.8228762
374.000000 0.4830365 -0.5468209 -0.1461675 -0.0138004 -0.2669010 -0.5171052 0.8131271
379.000000 0.5478120 -0.5727652 -0.0496581 -0.0722533 -0.3278223 -0.4655675 0.8188766
382.000000 0.6062400 -0.5959952 -0.0008997 -0.0951677 -0.3579973 -0.4375853 0.8193291
385.000000 0.6750883 -0.6170836 0.0401041 -0.0963660 -0.3831343 -0.4076631 0.8232450
388.000000 0.7485344 -0.6368957 0.0852554 -0.0987270 -0.4109885 -0.3756384 0.8247650
391.000000 0.8199918 -0.6489298 0.1303426 -0.0930066 -0.4296840 -0.3469622 0.8284556
395.000000 0.9314646 -0.6588026 0.1997963 -0.0649242 -0.4349050 -0.3255490 0.8370546
403.000000 1.1162419 -0.6426473 0.2483397 -0.0832515 -0.4474089 -0.3329279 0.8258653
406.000000 1.1807623 -0.6829835 0.2702993 -0.0732789 -0.4465729 -0.3573171 0.8170235
408.000000 1.2015036 -0.7035026 0.2701207 -0.0716653 -0.4336877 -0.3709577 0.8180278
411.000000 1.2620375 -0.7242852 0.2835792 -0.0695309 -0.4466336 -0.3756129 0.8090728
413.000000 1.2969565 -0.7427222 0.3070851 -0.0705489 -0.4437884 -0.3781415 0.8093724
418.000000 1.3658785 -0.7903292 0.3670133 -0.0718576 -0.4435842 -0.4072106 0.7951409
420.000000 1.3870653 -0.8098549 0.3872644 -0.0600927 -0.4495412 -0.4153478 0.7885352
422.000000 1.4065605 -0.8254834 0.4068385 -0.0668804 -0.4572164 -0.4178073 0.7822514
424.000000 1.4294581 -0.8434303 0.4230403 -0.0722981 -0.4806663 -0.4149984 0.7690964
434.000000 1.5147741 -0.9374111 0.5171915 -0.0662730 -0.5284566 -0.4446428 0.7201627
436.000000 1.5338259 -0.9521006 0.5338678 -0.0619773 -0.5400696 -0.4496650 0.7087207
438.000000 1.5542262 -0.9673021 0.5498449 -0.0706380 -0.5487625 -0.4552116 0.6976047
444.000000 1.5960405 -1.0209296 0.6031632 -0.0814680 -0.5673941 -0.4694642 0.6715879
446.000000 1.5913463 -1.0415128 0.6231965 -0.0832108 -0.5784987 -0.4612249 0.6675978
448.000000 1.5855310 -1.0593076 0.6457785 -0.0784008 -0.5867895 -0.4622563 0.6601897
450.000000 1.5782304 -1.0704197 0.6652831 -0.0695825 -0.5949460 -0.4604902 0.6550926
452.000000 1.5544852 -1.0800146 0.6896175 -0.0652537 -0.6053601 -0.4523337 0.6516712
454.000000 1.5349805 -1.0870134 0.7130382 -0.0640165 -0.6198826 -0.4477541 0.6412205
