210.000000 0.0000000 0.0000000 0.0000000 0.0000000 0.0000000 0.0000000 1.0000000
212.000000 -0.0408821 0.0087159 -0.0069199 -0.0030657 0.0038418 -0.0057642 0.9999713
218.000000 -0.1465098 -0.0039604 -0.0086728 -0.0227861 0.0087370 0.0098797 0.9996533
219.000000 -0.1686339 -0.0076046 -0.0111865 -0.0246461 0.0080477 0.0161163 0.9995340
220.000000 -0.1833434 -0.0145936 -0.0094759 -0.0268943 -0.0001786 0.0275340 0.9992590
232.000000 -0.2893563 -0.0620769 0.0409240 -0.0189448 0.0886764 0.0811791 0.9925662
233.000000 -0.3003959 -0.0700437 0.0458797 -0.0224878 0.1025648 0.0837229 0.9909416
241.000000 -0.3926539 -0.0941616 0.0910007 -0.0267303 0.1644180 0.0761690 0.9830822
249.000000 -0.4616283 -0.1437010 0.1576220 -0.0404014 0.1921881 0.0690805 0.9780896
259.000000 -0.4888272 -0.1907976 0.2345969 -0.0393211 0.2014147 0.0364141 0.9780388
261.000000 -0.4850083 -0.2042425 0.2455260 -0.0488885 0.2040101 0.0379676 0.9770098
263.000000 -0.4731846 -0.2066836 0.2432617 -0.0428303 0.2015389 0.0333389 0.9779755
270.000000 -0.4196788 -0.1938506 0.2284344 -0.0438050 0.2252777 0.0457147 0.9722351
272.000000 -0.3993694 -0.1789771 0.2194317 -0.0413605 0.2341823 0.0581831 0.9695683
295.000000 -0.3288966 0.0206847 0.1389276 -0.1746968 0.2085913 0.0540788 0.9607529
298.000000 -0.3264638 0.0404579 0.1134695 -0.1713853 0.1929708 0.0197337 0.9659192
304.000000 -0.2634949 0.0724888 0.0364775 -0.1786123 0.1486424 -0.0194529 0.9724324
310.000000 -0.1911733 0.0749486 -0.0300404 -0.1608098 0.1048375 -0.0581737 0.9796761
314.000000 -0.1341659 0.0735460 -0.0676791 -0.1473427 0.0834546 -0.0828169 0.9820727
326.000000 0.0560420 0.0065938 -0.1277454 -0.1317075 0.0400431 -0.1038131 0.9850241
330.000000 0.1207047 -0.0459068 -0.1521008 -0.1176905 0.0305987 -0.1230612 0.9849206
332.000000 0.1465030 -0.0868295 -0.1655958 -0.1160807 0.0272685 -0.1438610 0.9823878
338.000000 0.2029188 -0.1825791 -0.2143386 -0.1024302 0.0045542 -0.1871415 0.9769675
340.000000 0.2113815 -0.2066710 -0.2338907 -0.0924834 0.0017048 -0.1996956 0.9754822
342.000000 0.2085162 -0.2380147 -0.2511983 -0.0844958 -0.0124587 -0.2034128 0.9753607
344.000000 0.2262987 -0.2434939 -0.2733080 -0.0725302 -0.0452272 -0.2035487 0.9753265
347.000000 0.2600549 -0.2937228 -0.2843032 -0.0811207 -0.0933007 -0.2143029 0.9689111
350.000000 0.2966643 -0.3395138 -0.3015639 -0.0733957 -0.1116069 -0.2371178 0.9622537
352.000000 0.3253928 -0.3649723 -0.3170761 -0.0671602 -0.1193603 -0.2495931 0.9586167
354.000000 0.3486549 -0.4336748 -0.3253874 -0.0718065 -0.1255159 -0.2697791 0.9520025
356.000000 0.3653793 -0.4721487 -0.3443246 -0.0433393 -0.1137888 -0.2871343 0.9501199
360.000000 0.3666782 -0.4985238 -0.3632166 0.0253343 -0.1252637 -0.3441314 0.9301832
362.000000 0.3768439 -0.5025106 -0.3627213 0.0374673 -0.1616196 -0.3646538 0.9162439
364.000000 0.3914138 -0.5331186 -0.3333081 0.0302583 -0.1944100 -0.4008865 0.8947509
368.000000 0.4086041 -0.5565299 -0.2801858 0.0601239 -0.2227013 -0.4592979 0.8578081
370.000000 0.4591619 -0.5300073 -0.2329192 0.0469241 -0.2448201 -0.4875703 0.8367416
372.000000 0.4660301 -0.5391299 -0.1883259 0.0136053 -0.2564278 -0.5068871 0.8228762
374.000000 0.4830365 -0.5468209 -0.1461675 -0.0138004 -0.2669010 -0.5171052 0.8131271
379.000000 0.5486234 -0.5732055 -0.0488898 -0.0723161 -0.3282338 -0.4653185 0.8188478
382.000000 0.6072716 -0.5969005 -0.0001080 -0.0954011 -0.3585223 -0.4371831 0.8192871
385.000000 0.6759811 -0.6178985 0.0410111 -0.0966269 -0.3836235 -0.4072642 0.8231842
388.000000 0.7489321 -0.6377089 0.0857061 -0.0990005 -0.4112629 -0.3754421 0.8246847
395.000000 0.9299573 -0.6564323 0.2006685 -0.0643247 -0.4349155 -0.3257990 0.8369981
403.000000 1.1153219 -0.6402259 0.2510371 -0.0823836 -0.4482350 -0.3331719 0.8254059
406.000000 1.1782458 -0.6791975 0.2716655 -0.0723559 -0.4466530 -0.3574735 0.8169935
408.000000 1.1991056 -0.7001442 0.2710003 -0.0708013 -0.4336860 -0.3712970 0.8179500
411.000000 1.2588787 -0.7190837 0.2844963 -0.0682656 -0.4465134 -0.3756404 0.8092341
413.000000 1.2934210 -0.7391878 0.3057874 -0.0696711 -0.4432096 -0.3784581 0.8096176
418.000000 1.3632691 -0.7874315 0.3635878 -0.0708741 -0.4426203 -0.4076833 0.7955240
420.000000 1.3847200 -0.8057590 0.3849941 -0.0589490 -0.4489138 -0.4154926 0.7889026
422.000000 1.4033382 -0.8211823 0.4042916 -0.0660067 -0.4564282 -0.4178744 0.7827500
424.000000 1.4261671 -0.8399246 0.4201822 -0.0716194 -0.4798089 -0.4151677 0.7696037
436.000000 1.5311666 -0.9488401 0.5261492 -0.0611587 -0.5381103 -0.4503222 0.7098640
438.000000 1.5515747 -0.9642707 0.5412511 -0.0697302 -0.5466645 -0.4560209 0.6988137
448.000000 1.5860581 -1.0616044 0.6319628 -0.0783891 -0.5839589 -0.4635586 0.6617859
452.000000 1.5539711 -1.0875090 0.6743659 -0.0662995 -0.6021234 -0.4546928 0.6529213
454.000000 1.5359631 -1.0927440 0.6970508 -0.0645950 -0.6163756 -0.4496267 0.6432297
458.000000 1.4767152 -1.1082406 0.7496380 -0.0575983 -0.6307540 -0.4490644 0.6302167
462.000000 1.4194280 -1.1240366 0.8039592 -0.0562914 -0.6408595 -0.4529623 0.6172159
470.000000 1.2810440 -1.2077328 0.8662953 -0.0723655 -0.6308882 -0.4556252 0.6238181
476.000000 1.1870533 -1.2648423 0.8457662 -0.0681742 -0.6275023 -0.4780322 0.6108015
478.000000 1.1574531 -1.2799032 0.8363981 -0.0653102 -0.6386615 -0.4761550 0.6009347
481.000000 1.1115422 -1.3007064 0.8234303 -0.0551223 -0.6487091 -0.4784121 0.5892876
483.000000 1.0943067 -1.3073944 0.8296530 -0.0508474 -0.6466806 -0.4828400 0.5882893
490.000000 1.0307595 -1.2985940 0.8338031 -0.0917343 -0.5984098 -0.5476860 0.5775210
493.000000 0.9977040 -1.2799155 0.8310301 -0.0915664 -0.5693168 -0.5747296 0.5806719
499.000000 0.9516824 -1.2455961 0.8664187 -0.0866306 -0.5327916 -0.6091520 0.5810010
501.000000 0.9449481 -1.2135763 0.8750627 -0.0747031 -0.5204407 -0.6189234 0.5835193
503.000000 0.9446881 -1.1905975 0.8947809 -0.0826912 -0.5194675 -0.6208178 0.5812925
506.000000 0.9339955 -1.1564705 0.9151068 -0.1017195 -0.5037463 -0.6320710 0.5799820
512.000000 0.9449935 -1.0637088 0.9422911 -0.1298704 -0.4784104 -0.6370073 0.5903210
514.000000 0.9551955 -1.0230749 0.9441137 -0.1381155 -0.4759117 -0.6340858 0.5936053
517.000000 0.9698178 -0.9736675 0.9352900 -0.1476260 -0.4766203 -0.6320034 0.5929682
520.000000 0.9891277 -0.9281745 0.9190048 -0.1548997 -0.4722691 -0.6312431 0.5953993
526.000000 1.0253962 -0.8430222 0.8706588 -0.1820588 -0.4566882 -0.6270535 0.6042304
532.000000 1.0506532 -0.7738332 0.8137705 -0.1934317 -0.4560869 -0.6226534 0.6056994
535.000000 1.0553888 -0.7477369 0.7887619 -0.2006810 -0.4506892 -0.6196395 0.6104534
538.000000 1.0568271 -0.7205801 0.7661709 -0.2076739 -0.4469829 -0.6146455 0.6158643
541.000000 1.0564100 -0.6994781 0.7473351 -0.2090197 -0.4389821 -0.6070983 0.6285198
544.000000 1.0534667 -0.6845955 0.7248539 -0.2070570 -0.4464116 -0.5924612 0.6378353
557.000000 1.0239084 -0.6614548 0.6396344 -0.1787498 -0.4468192 -0.5372264 0.6926679
560.000000 1.0212028 -0.6545117 0.6215047 -0.1750324 -0.4386107 -0.5242027 0.7086577
564.000000 1.0198750 -0.6548282 0.6056646 -0.1800211 -0.4305897 -0.5162821 0.7180791
567.000000 1.0221179 -0.6549540 0.5940981 -0.1746521 -0.4199811 -0.5092500 0.7306004
570.000000 1.0266116 -0.6554771 0.5873433 -0.1767828 -0.4059849 -0.4974990 0.7459349
573.000000 1.0343715 -0.6463263 0.5819139 -0.1841878 -0.3899581 -0.4862914 0.7599528
