210.000000 0.0000000 0.0000000 0.0000000 0.0000000 0.0000000 0.0000000 1.0000000
211.000000 -0.0217718 0.0052630 -0.0030508 0.0008329 0.0024036 -0.0024851 0.9999937
212.000000 -0.0450476 0.0105589 -0.0060102 -0.0020564 0.0050679 -0.0048768 0.9999731
214.000000 -0.0861713 0.0058757 -0.0064600 -0.0124431 0.0052802 -0.0008227 0.9999083
218.000000 -0.1630024 -0.0027152 -0.0025733 -0.0218270 0.0141657 0.0107377 0.9996037
219.000000 -0.1868102 -0.0055635 -0.0034131 -0.0231093 0.0138985 0.0171027 0.9994900
220.000000 -0.2044538 -0.0143095 -0.0015760 -0.0258525 0.0066016 0.0291798 0.9992180
224.000000 -0.2405030 -0.0302103 0.0231123 -0.0264510 -0.0010392 0.0518631 0.9983033
228.000000 -0.2834592 -0.0472054 0.0437662 -0.0169594 0.0405469 0.0577312 0.9973642
230.000000 -0.2977188 -0.0545325 0.0543421 -0.0121601 0.0656792 0.0660664 0.9955770
232.000000 -0.3204787 -0.0606657 0.0642439 -0.0164255 0.1007141 0.0805026 0.9915171
233.000000 -0.3322751 -0.0684053 0.0716015 -0.0196491 0.1150661 0.0833689 0.9896582
235.000000 -0.3542612 -0.0759889 0.0840971 -0.0181660 0.1382798 0.0850744 0.9865653
236.000000 -0.3682184 -0.0774139 0.0898388 -0.0154387 0.1487655 0.0838107 0.9851935
