210.000000 0.0000000 0.0000000 0.0000000 0.0000000 0.0000000 0.0000000 1.0000000
212.000000 -0.0408821 0.0087159 -0.0069199 -0.0030657 0.0038418 -0.0057642 0.9999713
218.000000 -0.1465098 -0.0039604 -0.0086728 -0.0227861 0.0087370 0.0098797 0.9996533
219.000000 -0.1686339 -0.0076046 -0.0111865 -0.0246461 0.0080477 0.0161163 0.9995340
220.000000 -0.1833434 -0.0145936 -0.0094759 -0.0268943 -0.0001786 0.0275340 0.9992590
232.000000 -0.2893563 -0.0620769 0.0409240 -0.0189448 0.0886764 0.0811791 0.9925662
233.000000 -0.3003959 -0.0700437 0.0458797 -0.0224878 0.1025648 0.0837229 0.9909416
241.000000 -0.3926539 -0.0941616 0.0910007 -0.0267303 0.1644180 0.0761690 0.9830822
249.000000 -0.4616283 -0.1437010 0.1576220 -0.0404014 0.1921881 0.0690805 0.9780896
259.000000 -0.4888272 -0.1907976 0.2345969 -0.0393211 0.2014147 0.0364141 0.9780388
261.000000 -0.4850083 -0.2042425 0.2455260 -0.0488885 0.2040101 0.0379676 0.9770098
263.000000 -0.4731846 -0.2066836 0.2432617 -0.0428303 0.2015389 0.0333389 0.9779755
270.000000 -0.4196788 -0.1938506 0.2284344 -0.0438050 0.2252777 0.0457147 0.9722351
272.000000 -0.3993694 -0.1789771 0.2194317 -0.0413605 0.2341823 0.0581831 0.9695683
295.000000 -0.3288966 0.0206847 0.1389276 -0.1746968 0.2085913 0.0540788 0.9607529
298.000000 -0.3264638 0.0404579 0.1134695 -0.1713853 0.1929708 0.0197337 0.9659192
304.000000 -0.2634949 0.0724888 0.0364775 -0.1786123 0.1486424 -0.0194529 0.9724324
310.000000 -0.1911733 0.0749486 -0.0300404 -0.1608098 0.1048375 -0.0581737 0.9796761
314.000000 -0.1341659 0.0735460 -0.0676791 -0.1473427 0.0834546 -0.0828169 0.9820727
326.000000 0.0560420 0.0065938 -0.1277454 -0.1317075 0.0400431 -0.1038131 0.9850241
330.000000 0.1207047 -0.0459068 -0.1521008 -0.1176905 0.0305987 -0.1230612 0.9849206
332.000000 0.1465030 -0.0868295 -0.1655958 -0.1160807 0.0272685 -0.1438610 0.9823878
338.000000 0.2029188 -0.1825791 -0.2143386 -0.1024302 0.0045542 -0.1871415 0.9769675
340.000000 0.2113815 -0.2066710 -0.2338907 -0.0924834 0.0017048 -0.1996956 0.9754822
342.000000 0.2085162 -0.2380147 -0.2511983 -0.0844958 -0.0124587 -0.2034128 0.9753607
344.000000 0.2262987 -0.2434939 -0.2733080 -0.0725302 -0.0452272 -0.2035487 0.9753265
347.000000 0.2600549 -0.2937228 -0.2843032 -0.0811207 -0.0933007 -0.2143029 0.9689111
350.000000 0.2966643 -0.3395138 -0.3015639 -0.0733957 -0.1116069 -0.2371178 0.9622537
352.000000 0.3253928 -0.3649723 -0.3170761 -0.0671602 -0.1193603 -0.2495931 0.9586167
354.000000 0.3486549 -0.4336748 -0.3253874 -0.0718065 -0.1255159 -0.2697791 0.9520025
356.000000 0.3653793 -0.4721487 -0.3443246 -0.0433393 -0.1137888 -0.2871343 0.9501199
360.000000 0.3666782 -0.4985238 -0.3632166 0.0253343 -0.1252637 -0.3441314 0.9301832
362.000000 0.3768439 -0.5025106 -0.3627213 0.0374673 -0.1616196 -0.3646538 0.9162439
364.000000 0.3914138 -0.5331186 -0.3333081 0.0302583 -0.1944100 -0.4008865 0.8947509
368.000000 0.4086041 -0.5565299 -0.2801858 0.0601239 -0.2227013 -0.4592979 0.8578081
370.000000 0.4591619 -0.5300073 -0.2329192 0.0469241 -0.2448201 -0.4875703 0.8367416
372.000000 0.4660301 -0.5391299 -0.1883259 0.0136053 -0.2564278 -0.5068871 0.8228762
374.000000 0.4830365 -0.5468209 -0.1461675 -0.0138004 -0.2669010 -0.5171052 0.8131271
379.000000 0.5486234 -0.5732055 -0.0488898 -0.0723161 -0.3282338 -0.4653185 0.8188478
382.000000 0.6072716 -0.5969005 -0.0001080 -0.0954011 -0.3585223 -0.4371831 0.8192871
385.000000 0.6759811 -0.6178985 0.0410111 -0.0966269 -0.3836235 -0.4072642 0.8231842
388.000000 0.7489321 -0.6377089 0.0857061 -0.0990005 -0.4112629 -0.3754421 0.8246847
395.000000 0.9314128 -0.6579535 0.2011992 -0.0645694 -0.4353519 -0.3256609 0.8368061
403.000000 1.1160164 -0.6401085 0.2515100 -0.0822536 -0.4484060 -0.3330959 0.8253566
406.000000 1.1798110 -0.6803043 0.2720652 -0.0723291 -0.4469193 -0.3576044 0.8167930
408.000000 1.2002711 -0.7008591 0.2708035 -0.0707287 -0.4337769 -0.3713811 0.8178698
411.000000 1.2609034 -0.7208770 0.2846092 -0.0683699 -0.4468262 -0.3757426 0.8090052
413.000000 1.2946279 -0.7400149 0.3064156 -0.0697101 -0.4434552 -0.3784649 0.8094766
418.000000 1.3645040 -0.7878747 0.3651119 -0.0710230 -0.4431358 -0.4072234 0.7954593
420.000000 1.3854918 -0.8068625 0.3858865 -0.0592053 -0.4491683 -0.4153353 0.7888214
422.000000 1.4044530 -0.8227646 0.4046147 -0.0662002 -0.4565669 -0.4179125 0.7826323
424.000000 1.4274001 -0.8411889 0.4201214 -0.0717504 -0.4798204 -0.4151234 0.7696083
436.000000 1.5322272 -0.9508462 0.5279539 -0.0615391 -0.5385358 -0.4502056 0.7095823
438.000000 1.5530157 -0.9666163 0.5428683 -0.0701161 -0.5470688 -0.4559038 0.6985350
448.000000 1.5870261 -1.0638554 0.6350261 -0.0786626 -0.5846252 -0.4634129 0.6612671
452.000000 1.5548780 -1.0890142 0.6770362 -0.0665003 -0.6026706 -0.4545048 0.6525268
454.000000 1.5364549 -1.0943059 0.7001712 -0.0648132 -0.6170369 -0.4494241 0.6427152
458.000000 1.4767327 -1.1101029 0.7537377 -0.0578547 -0.6315581 -0.4488702 0.6295259
462.000000 1.4192821 -1.1253268 0.8080707 -0.0565427 -0.6416895 -0.4526441 0.6165636
470.000000 1.2809513 -1.2096996 0.8708682 -0.0727194 -0.6318416 -0.4552955 0.6230522
476.000000 1.1869845 -1.2668768 0.8503919 -0.0685654 -0.6285053 -0.4776649 0.6100132
478.000000 1.1570085 -1.2819180 0.8412298 -0.0657575 -0.6396673 -0.4757946 0.6001011
481.000000 1.1112087 -1.3021804 0.8282624 -0.0555495 -0.6497054 -0.4779439 0.5885295
483.000000 1.0939682 -1.3087460 0.8344070 -0.0512041 -0.6476963 -0.4823688 0.5875270
490.000000 1.0311440 -1.3001331 0.8385941 -0.0920861 -0.5995717 -0.5470729 0.5768407
493.000000 0.9989207 -1.2811620 0.8361965 -0.0916887 -0.5706592 -0.5739810 0.5800750
496.000000 0.9771016 -1.2618107 0.8528380 -0.0966550 -0.5580922 -0.5870332 0.5784314
499.000000 0.9547273 -1.2442234 0.8729413 -0.0858195 -0.5347589 -0.6076183 0.5809199
501.000000 0.9472919 -1.2127137 0.8799791 -0.0741817 -0.5219033 -0.6176975 0.5835785
503.000000 0.9461647 -1.1903741 0.8991070 -0.0823868 -0.5207016 -0.6200336 0.5810684
506.000000 0.9356565 -1.1556101 0.9188236 -0.1012839 -0.5048563 -0.6311471 0.5800991
510.000000 0.9420853 -1.0926530 0.9386591 -0.1151599 -0.4828604 -0.6352805 0.5916102
512.000000 0.9464761 -1.0615714 0.9434357 -0.1284057 -0.4784797 -0.6364393 0.5911973
514.000000 0.9533077 -1.0229607 0.9447824 -0.1375379 -0.4752766 -0.6349955 0.5932758
517.000000 0.9691872 -0.9753644 0.9377306 -0.1471695 -0.4771011 -0.6319372 0.5927656
520.000000 0.9867715 -0.9324741 0.9233092 -0.1555119 -0.4733971 -0.6316401 0.5939209
