210.000000 0.0000000 0.0000000 0.0000000 0.0000000 0.0000000 0.0000000 1.0000000
211.000000 -0.0212542 0.0039427 -0.0046840 0.0000502 0.0022003 -0.0027162 0.9999939
212.000000 -0.0424226 0.0086438 -0.0074983 -0.0031314 0.0040345 -0.0053581 0.9999726
218.000000 -0.1514352 -0.0042777 -0.0087152 -0.0228545 0.0093150 0.0101001 0.9996444
219.000000 -0.1742295 -0.0080444 -0.0112601 -0.0246826 0.0086582 0.0163834 0.9995236
220.000000 -0.1897438 -0.0162904 -0.0093848 -0.0273536 0.0006045 0.0282548 0.9992262
232.000000 -0.2998464 -0.0651452 0.0430586 -0.0195429 0.0903516 0.0814926 0.9923778
233.000000 -0.3115900 -0.0734606 0.0484157 -0.0231394 0.1044988 0.0839655 0.9907040
241.000000 -0.4065403 -0.0980513 0.0958165 -0.0273703 0.1667714 0.0763711 0.9826524
249.000000 -0.4776154 -0.1488456 0.1654547 -0.0411999 0.1950944 0.0691548 0.9774755
259.000000 -0.5051059 -0.1962625 0.2449035 -0.0399806 0.2044217 0.0361624 0.9773974
261.000000 -0.5011923 -0.2103893 0.2561041 -0.0497274 0.2070354 0.0378161 0.9763368
263.000000 -0.4890749 -0.2129508 0.2534772 -0.0437400 0.2045175 0.0331290 0.9773238
270.000000 -0.4343739 -0.1997959 0.2376172 -0.0445956 0.2281511 0.0454819 0.9715399
272.000000 -0.4129721 -0.1847275 0.2282103 -0.0422175 0.2367083 0.0580518 0.9689256
295.000000 -0.3399820 0.0205635 0.1439271 -0.1749389 0.2101236 0.0545531 0.9603481
298.000000 -0.3374085 0.0410334 0.1176166 -0.1715523 0.1943475 0.0201570 0.9656048
304.000000 -0.2725148 0.0737224 0.0377467 -0.1789223 0.1496198 -0.0189664 0.9722350
310.000000 -0.1978881 0.0764755 -0.0309864 -0.1610263 0.1055440 -0.0577610 0.9795890
314.000000 -0.1388423 0.0749362 -0.0700050 -0.1475738 0.0838115 -0.0822855 0.9820523
326.000000 0.0579205 0.0066039 -0.1312152 -0.1317283 0.0397351 -0.1036130 0.9850549
330.000000 0.1242752 -0.0471137 -0.1558133 -0.1176468 0.0303211 -0.1230537 0.9849353
332.000000 0.1507292 -0.0889929 -0.1694291 -0.1159938 0.0271051 -0.1437335 0.9824212
338.000000 0.2095338 -0.1875599 -0.2191358 -0.1024224 0.0038757 -0.1871590 0.9769678
340.000000 0.2182410 -0.2120629 -0.2389240 -0.0924346 0.0010555 -0.1996322 0.9755008
342.000000 0.2150925 -0.2452146 -0.2566994 -0.0849843 -0.0130884 -0.2033101 0.9753314
344.000000 0.2333671 -0.2517225 -0.2796003 -0.0733636 -0.0459129 -0.2034027 0.9752626
347.000000 0.2688483 -0.3046156 -0.2905731 -0.0823265 -0.0944975 -0.2140469 0.9687499
350.000000 0.3076223 -0.3522507 -0.3079910 -0.0747334 -0.1132984 -0.2368330 0.9620231
352.000000 0.3376680 -0.3791474 -0.3234048 -0.0687370 -0.1213493 -0.2491919 0.9583595
354.000000 0.3641912 -0.4538050 -0.3297455 -0.0745822 -0.1287970 -0.2692984 0.9514868
356.000000 0.3819282 -0.4910641 -0.3475334 -0.0455097 -0.1172524 -0.2868415 0.9496856
358.000000 0.3799365 -0.5193045 -0.3620625 -0.0048747 -0.1140587 -0.3123612 0.9430786
360.000000 0.3818367 -0.5210690 -0.3663788 0.0224690 -0.1286916 -0.3435835 0.9299914
362.000000 0.3904136 -0.5243555 -0.3675757 0.0348848 -0.1645115 -0.3644293 0.9159205
364.000000 0.4084720 -0.5606759 -0.3337077 0.0266170 -0.1993064 -0.4003944 0.8940094
366.000000 0.4167952 -0.5930741 -0.3089173 0.0377904 -0.2156861 -0.4290323 0.8763462
