210.000000 0.0000000 0.0000000 0.0000000 0.0000000 0.0000000 0.0000000 1.0000000
211.000000 -0.0206088 0.0045772 -0.0036107 0.0004965 0.0020709 -0.0026743 0.9999942
212.000000 -0.0417324 0.0097308 -0.0063775 -0.0024314 0.0039666 -0.0052531 0.9999754
214.000000 -0.0796248 0.0050600 -0.0075352 -0.0128793 0.0031263 -0.0010737 0.9999116
218.000000 -0.1505304 -0.0038536 -0.0065300 -0.0226414 0.0099089 0.0104502 0.9996399
219.000000 -0.1735628 -0.0074813 -0.0090698 -0.0243196 0.0093425 0.0169965 0.9995161
220.000000 -0.1895065 -0.0156780 -0.0072152 -0.0269701 0.0014236 0.0291109 0.9992113
228.000000 -0.2636642 -0.0465923 0.0331095 -0.0176564 0.0333901 0.0576128 0.9976242
232.000000 -0.2996722 -0.0599730 0.0499772 -0.0173052 0.0928522 0.0808857 0.9922381
233.000000 -0.3114704 -0.0684040 0.0557371 -0.0209293 0.1071499 0.0835521 0.9905049
241.000000 -0.4034784 -0.0916359 0.1038482 -0.0248145 0.1692264 0.0759842 0.9823304
249.000000 -0.4716655 -0.1393990 0.1736561 -0.0377692 0.1973004 0.0680478 0.9772490
259.000000 -0.4977920 -0.1855035 0.2504993 -0.0363274 0.2064251 0.0348844 0.9771653
261.000000 -0.4941136 -0.1989245 0.2614590 -0.0458240 0.2091448 0.0365511 0.9761263
263.000000 -0.4823356 -0.2015353 0.2589361 -0.0398847 0.2066380 0.0319791 0.9770810
270.000000 -0.4296321 -0.1893095 0.2430954 -0.0409783 0.2304228 0.0444847 0.9712092
272.000000 -0.4087899 -0.1736853 0.2337120 -0.0380617 0.2390016 0.0572132 0.9685847
276.000000 -0.3668926 -0.1236238 0.2145066 -0.0475447 0.2563405 0.0873971 0.9614524
279.000000 -0.3564860 -0.1052275 0.2116600 -0.0692589 0.2576409 0.1242597 0.9557112
281.000000 -0.3493210 -0.0944245 0.2066067 -0.0802306 0.2583708 0.1397208 0.9525155
283.000000 -0.3430743 -0.0749051 0.1984553 -0.0864714 0.2596948 0.1385925 0.9517738
285.000000 -0.3451646 -0.0621343 0.1971287 -0.1006796 0.2615588 0.1311395 0.9509222
288.000000 -0.3451969 -0.0281157 0.1906732 -0.1199187 0.2583151 0.1102102 0.9522324
291.000000 -0.3464422 0.0008891 0.1802577 -0.1502878 0.2419862 0.0902685 0.9543102
293.000000 -0.3457990 0.0143263 0.1695399 -0.1652514 0.2261694 0.0765698 0.9569098
295.000000 -0.3425791 0.0250791 0.1522589 -0.1714959 0.2154368 0.0553338 0.9597470
