210.000000 0.0000000 0.0000000 0.0000000 0.0000000 0.0000000 0.0000000 1.0000000
211.000000 -0.0202352 0.0045539 -0.0037464 0.0004109 0.0018115 -0.0027011 0.9999946
212.000000 -0.0413859 0.0088485 -0.0072599 -0.0029858 0.0036669 -0.0052292 0.9999751
218.000000 -0.1511134 -0.0043443 -0.0085729 -0.0229422 0.0096968 0.0102317 0.9996374
219.000000 -0.1733992 -0.0081014 -0.0111317 -0.0247374 0.0088185 0.0167255 0.9995152
220.000000 -0.1887382 -0.0160102 -0.0090791 -0.0272563 0.0007577 0.0285385 0.9992207
232.000000 -0.2978272 -0.0643060 0.0433965 -0.0194370 0.0905932 0.0816509 0.9923448
233.000000 -0.3096214 -0.0727996 0.0486190 -0.0231112 0.1047550 0.0840996 0.9906662
241.000000 -0.4034421 -0.0965829 0.0960175 -0.0270890 0.1669961 0.0765820 0.9826056
249.000000 -0.4736071 -0.1466751 0.1648837 -0.0408511 0.1951573 0.0692284 0.9774724
259.000000 -0.5006344 -0.1938230 0.2433515 -0.0396110 0.2043747 0.0363069 0.9774169
261.000000 -0.4967429 -0.2079498 0.2544333 -0.0494001 0.2069957 0.0379550 0.9763564
263.000000 -0.4847986 -0.2101428 0.2519025 -0.0432631 0.2045083 0.0333230 0.9773404
270.000000 -0.4309275 -0.1972009 0.2363599 -0.0442146 0.2283474 0.0456227 0.9715046
272.000000 -0.4096209 -0.1817724 0.2269175 -0.0416124 0.2368362 0.0582842 0.9689066
295.000000 -0.3375414 0.0222807 0.1443510 -0.1737577 0.2105007 0.0543964 0.9604888
298.000000 -0.3346436 0.0430707 0.1181652 -0.1701327 0.1945554 0.0199726 0.9658179
304.000000 -0.2704027 0.0753783 0.0382217 -0.1776612 0.1497682 -0.0192199 0.9724385
310.000000 -0.1958076 0.0779252 -0.0305193 -0.1598544 0.1053372 -0.0578320 0.9797990
312.000000 -0.1678484 0.0835030 -0.0567278 -0.1508772 0.0930596 -0.0750236 0.9812989
314.000000 -0.1362851 0.0767824 -0.0688932 -0.1462043 0.0832286 -0.0823970 0.9822973
320.000000 -0.0395549 0.0594210 -0.1049913 -0.1387488 0.0471794 -0.1003401 0.9841010
324.000000 0.0260670 0.0386495 -0.1197718 -0.1339533 0.0466609 -0.1029643 0.9845189
326.000000 0.0606756 0.0070295 -0.1301298 -0.1314087 0.0381811 -0.1041585 0.9851015
328.000000 0.0957291 -0.0149640 -0.1411523 -0.1294928 0.0318021 -0.1099178 0.9849560
330.000000 0.1261271 -0.0452673 -0.1539208 -0.1167504 0.0288746 -0.1236655 0.9850088
