210.000000 0.0000000 0.0000000 0.0000000 0.0000000 0.0000000 0.0000000 1.0000000
212.000000 -0.0408821 0.0087159 -0.0069199 -0.0030657 0.0038418 -0.0057642 0.9999713
218.000000 -0.1465098 -0.0039604 -0.0086728 -0.0227861 0.0087370 0.0098797 0.9996533
219.000000 -0.1686339 -0.0076046 -0.0111865 -0.0246461 0.0080477 0.0161163 0.9995340
220.000000 -0.1833434 -0.0145936 -0.0094759 -0.0268943 -0.0001786 0.0275340 0.9992590
232.000000 -0.2893563 -0.0620769 0.0409240 -0.0189448 0.0886764 0.0811791 0.9925662
233.000000 -0.3003959 -0.0700437 0.0458797 -0.0224878 0.1025648 0.0837229 0.9909416
241.000000 -0.3926539 -0.0941616 0.0910007 -0.0267303 0.1644180 0.0761690 0.9830822
249.000000 -0.4616283 -0.1437010 0.1576220 -0.0404014 0.1921881 0.0690805 0.9780896
259.000000 -0.4888272 -0.1907976 0.2345969 -0.0393211 0.2014147 0.0364141 0.9780388
261.000000 -0.4850083 -0.2042425 0.2455260 -0.0488885 0.2040101 0.0379676 0.9770098
263.000000 -0.4731846 -0.2066836 0.2432617 -0.0428303 0.2015389 0.0333389 0.9779755
270.000000 -0.4196788 -0.1938506 0.2284344 -0.0438050 0.2252777 0.0457147 0.9722351
272.000000 -0.3993694 -0.1789771 0.2194317 -0.0413605 0.2341823 0.0581831 0.9695683
295.000000 -0.3288966 0.0206847 0.1389276 -0.1746968 0.2085913 0.0540788 0.9607529
298.000000 -0.3264638 0.0404579 0.1134695 -0.1713853 0.1929708 0.0197337 0.9659192
304.000000 -0.2634949 0.0724888 0.0364775 -0.1786123 0.1486424 -0.0194529 0.9724324
310.000000 -0.1911733 0.0749486 -0.0300404 -0.1608098 0.1048375 -0.0581737 0.9796761
314.000000 -0.1341659 0.0735460 -0.0676791 -0.1473427 0.0834546 -0.0828169 0.9820727
326.000000 0.0560420 0.0065938 -0.1277454 -0.1317075 0.0400431 -0.1038131 0.9850241
330.000000 0.1207047 -0.0459068 -0.1521008 -0.1176905 0.0305987 -0.1230612 0.9849206
332.000000 0.1465030 -0.0868295 -0.1655958 -0.1160807 0.0272685 -0.1438610 0.9823878
338.000000 0.2029188 -0.1825791 -0.2143386 -0.1024302 0.0045542 -0.1871415 0.9769675
340.000000 0.2113815 -0.2066710 -0.2338907 -0.0924834 0.0017048 -0.1996956 0.9754822
342.000000 0.2085162 -0.2380147 -0.2511983 -0.0844958 -0.0124587 -0.2034128 0.9753607
344.000000 0.2262987 -0.2434939 -0.2733080 -0.0725302 -0.0452272 -0.2035487 0.9753265
347.000000 0.2600549 -0.2937228 -0.2843032 -0.0811207 -0.0933007 -0.2143029 0.9689111
350.000000 0.2966643 -0.3395138 -0.3015639 -0.0733957 -0.1116069 -0.2371178 0.9622537
352.000000 0.3253928 -0.3649723 -0.3170761 -0.0671602 -0.1193603 -0.2495931 0.9586167
354.000000 0.3486549 -0.4336748 -0.3253874 -0.0718065 -0.1255159 -0.2697791 0.9520025
356.000000 0.3653793 -0.4721487 -0.3443246 -0.0433393 -0.1137888 -0.2871343 0.9501199
360.000000 0.3666782 -0.4985238 -0.3632166 0.0253343 -0.1252637 -0.3441314 0.9301832
362.000000 0.3768439 -0.5025106 -0.3627213 0.0374673 -0.1616196 -0.3646538 0.9162439
364.000000 0.3914138 -0.5331186 -0.3333081 0.0302583 -0.1944100 -0.4008865 0.8947509
368.000000 0.4086041 -0.5565299 -0.2801858 0.0601239 -0.2227013 -0.4592979 0.8578081
370.000000 0.4591619 -0.5300073 -0.2329192 0.0469241 -0.2448201 -0.4875703 0.8367416
372.000000 0.4660301 -0.5391299 -0.1883259 0.0136053 -0.2564278 -0.5068871 0.8228762
374.000000 0.4830365 -0.5468209 -0.1461675 -0.0138004 -0.2669010 -0.5171052 0.8131271
379.000000 0.5478120 -0.5727652 -0.0496581 -0.0722533 -0.3278223 -0.4655675 0.8188766
382.000000 0.6070447 -0.5968288 -0.0002868 -0.0953587 -0.3584371 -0.4373300 0.8192509
385.000000 0.6756848 -0.6179460 0.0406744 -0.0966289 -0.3834926 -0.4074338 0.8231609
388.000000 0.7489802 -0.6379739 0.0855858 -0.0990457 -0.4112718 -0.3755094 0.8246443
395.000000 0.9314169 -0.6578227 0.2010306 -0.0644288 -0.4353623 -0.3258094 0.8367537
403.000000 1.1164199 -0.6402009 0.2509259 -0.0821065 -0.4482586 -0.3332798 0.8253770
406.000000 1.1809015 -0.6808400 0.2717707 -0.0720962 -0.4470048 -0.3578471 0.8166605
408.000000 1.2017860 -0.7019414 0.2706876 -0.0706807 -0.4339349 -0.3714878 0.8177418
411.000000 1.2624518 -0.7220731 0.2848558 -0.0683211 -0.4470725 -0.3759218 0.8087900
413.000000 1.2966661 -0.7411841 0.3075717 -0.0696490 -0.4439382 -0.3785605 0.8091723
418.000000 1.3661041 -0.7884461 0.3675596 -0.0707396 -0.4438254 -0.4073960 0.7950116
420.000000 1.3870945 -0.8081469 0.3876411 -0.0590401 -0.4496555 -0.4156722 0.7883785
422.000000 1.4060959 -0.8239672 0.4066295 -0.0659522 -0.4570851 -0.4182720 0.7821586
424.000000 1.4290285 -0.8415722 0.4235044 -0.0712364 -0.4807575 -0.4153585 0.7689440
434.000000 1.5139189 -0.9350981 0.5162653 -0.0649339 -0.5280225 -0.4454152 0.7201258
436.000000 1.5325267 -0.9504244 0.5327989 -0.0609770 -0.5395731 -0.4504687 0.7086753
438.000000 1.5531334 -0.9655027 0.5479266 -0.0694326 -0.5480541 -0.4561425 0.6976746
448.000000 1.5865668 -1.0589042 0.6429789 -0.0771623 -0.5862552 -0.4629947 0.6602929
452.000000 1.5538515 -1.0823908 0.6854223 -0.0647725 -0.6044171 -0.4538522 0.6515387
454.000000 1.5355407 -1.0883071 0.7080167 -0.0632830 -0.6186342 -0.4488069 0.6417627
458.000000 1.4755344 -1.1031250 0.7608210 -0.0561170 -0.6330475 -0.4482484 0.6286295
462.000000 1.4176360 -1.1179767 0.8146126 -0.0548535 -0.6430832 -0.4520030 0.6157340
468.000000 1.3163456 -1.1759962 0.8723801 -0.0629538 -0.6366091 -0.4512639 0.6221949
470.000000 1.2787946 -1.2015505 0.8790461 -0.0717478 -0.6337801 -0.4540025 0.6221389
474.000000 1.2194569 -1.2402666 0.8752478 -0.0599534 -0.6327919 -0.4689549 0.6132383
476.000000 1.1840768 -1.2595078 0.8600717 -0.0681714 -0.6306335 -0.4764026 0.6088469
478.000000 1.1540496 -1.2737101 0.8494689 -0.0651475 -0.6414147 -0.4745983 0.5992491
481.000000 1.1075366 -1.2940984 0.8377470 -0.0551056 -0.6517317 -0.4766433 0.5873843
483.000000 1.0902888 -1.2991074 0.8448225 -0.0506812 -0.6499642 -0.4806951 0.5864385
485.000000 1.0771985 -1.2968568 0.8396490 -0.0560643 -0.6377099 -0.4835659 0.5969480
