210.000000 0.0000000 0.0000000 0.0000000 0.0000000 0.0000000 0.0000000 1.0000000
211.000000 -0.0229018 0.0059566 -0.0025851 0.0011192 0.0028125 -0.0025227 0.9999923
212.000000 -0.0470223 0.0111761 -0.0053465 -0.0018164 0.0056834 -0.0047839 0.9999707
214.000000 -0.0900404 0.0072393 -0.0049585 -0.0117837 0.0065276 -0.0008033 0.9999089
217.000000 -0.1469278 0.0006336 -0.0001787 -0.0214635 0.0126863 0.0088052 0.9996504
218.000000 -0.1696106 -0.0007707 0.0009759 -0.0208130 0.0163389 0.0108131 0.9995914
219.000000 -0.1936856 -0.0035588 0.0012079 -0.0219714 0.0161577 0.0171724 0.9994805
220.000000 -0.2133959 -0.0124046 0.0033821 -0.0246634 0.0097139 0.0291279 0.9992242
223.000000 -0.2421513 -0.0220903 0.0245463 -0.0289145 -0.0038197 0.0505854 0.9982938
224.000000 -0.2507682 -0.0274202 0.0302411 -0.0247227 0.0025735 0.0513082 0.9983735
227.000000 -0.2830378 -0.0388332 0.0456404 -0.0150272 0.0314053 0.0544117 0.9979115
228.000000 -0.2937669 -0.0444007 0.0532548 -0.0151496 0.0444216 0.0570999 0.9972647
230.000000 -0.3087476 -0.0519495 0.0648543 -0.0103575 0.0697863 0.0654021 0.9953618
