210.000000 0.0000000 0.0000000 0.0000000 0.0000000 0.0000000 0.0000000 1.0000000
211.000000 -0.0230545 0.0061766 -0.0024107 0.0011974 0.0028326 -0.0025243 0.9999921
212.000000 -0.0479839 0.0120738 -0.0049763 -0.0014481 0.0060546 -0.0051660 0.9999673
214.000000 -0.0904390 0.0084269 -0.0037265 -0.0112619 0.0065402 -0.0010252 0.9999146
215.000000 -0.1102966 0.0121235 -0.0025789 -0.0121815 0.0079291 0.0018101 0.9998927
217.000000 -0.1475838 0.0022231 0.0019278 -0.0207288 0.0128281 0.0084486 0.9996671
218.000000 -0.1711726 0.0015271 0.0031437 -0.0197413 0.0168609 0.0102435 0.9996104
219.000000 -0.1958710 -0.0010112 0.0039940 -0.0208014 0.0169564 0.0164302 0.9995048
220.000000 -0.2152954 -0.0102200 0.0062916 -0.0236332 0.0104463 0.0283386 0.9992644
222.000000 -0.2408667 -0.0078695 0.0185453 -0.0242612 -0.0014975 0.0452753 0.9986787
223.000000 -0.2449425 -0.0182190 0.0270176 -0.0271962 -0.0027922 0.0492357 0.9984130
