210.000000 0.0000000 0.0000000 0.0000000 0.0000000 0.0000000 0.0000000 1.0000000
212.000000 -0.0422330 0.0087228 -0.0073378 -0.0031215 0.0039934 -0.0055104 0.9999720
218.000000 -0.1510990 -0.0040796 -0.0084982 -0.0227844 0.0092928 0.0099472 0.9996477
219.000000 -0.1737622 -0.0080997 -0.0110150 -0.0247603 0.0085909 0.0162936 0.9995237
220.000000 -0.1888766 -0.0157021 -0.0090995 -0.0271591 0.0003974 0.0279088 0.9992414
232.000000 -0.2991077 -0.0644011 0.0432407 -0.0192835 0.0902938 0.0812766 0.9924058
233.000000 -0.3106268 -0.0727743 0.0485230 -0.0229519 0.1043324 0.0837659 0.9907427
241.000000 -0.4053019 -0.0974043 0.0957044 -0.0272128 0.1665214 0.0762089 0.9827117
249.000000 -0.4762192 -0.1481523 0.1650798 -0.0410534 0.1948088 0.0689949 0.9775499
259.000000 -0.5037124 -0.1955870 0.2442573 -0.0398726 0.2041273 0.0360471 0.9774675
261.000000 -0.4998128 -0.2096518 0.2554836 -0.0495981 0.2067551 0.0376931 0.9764075
263.000000 -0.4877038 -0.2122134 0.2528757 -0.0436079 0.2042315 0.0330089 0.9773936
270.000000 -0.4330857 -0.1990677 0.2371451 -0.0444539 0.2278574 0.0453478 0.9716215
272.000000 -0.4117643 -0.1840327 0.2277488 -0.0420701 0.2364423 0.0579212 0.9690048
295.000000 -0.3388363 0.0211814 0.1438454 -0.1745875 0.2099144 0.0544242 0.9604651
298.000000 -0.3362741 0.0415571 0.1176358 -0.1712173 0.1941667 0.0200606 0.9657026
304.000000 -0.2718741 0.0741200 0.0381336 -0.1786158 0.1496802 -0.0190045 0.9722813
310.000000 -0.1972091 0.0769641 -0.0304976 -0.1607026 0.1054901 -0.0578889 0.9796404
314.000000 -0.1383331 0.0755678 -0.0694327 -0.1471880 0.0837987 -0.0824978 0.9820935
326.000000 0.0576510 0.0066947 -0.1310799 -0.1317089 0.0398613 -0.1036651 0.9850469
330.000000 0.1239189 -0.0472218 -0.1557820 -0.1177451 0.0304423 -0.1230703 0.9849178
332.000000 0.1502549 -0.0893743 -0.1694915 -0.1162581 0.0272244 -0.1437402 0.9823857
338.000000 0.2087968 -0.1880311 -0.2192044 -0.1027689 0.0040590 -0.1872263 0.9769178
340.000000 0.2174171 -0.2128474 -0.2390660 -0.0929311 0.0012226 -0.1996874 0.9754421
342.000000 0.2147771 -0.2453988 -0.2567348 -0.0851488 -0.0131112 -0.2033693 0.9753044
344.000000 0.2332867 -0.2520607 -0.2798740 -0.0735430 -0.0460126 -0.2032448 0.9752773
347.000000 0.2683769 -0.3042305 -0.2905233 -0.0823162 -0.0943943 -0.2141058 0.9687479
350.000000 0.3071039 -0.3525422 -0.3081661 -0.0749740 -0.1132644 -0.2368539 0.9620033
352.000000 0.3368677 -0.3798988 -0.3237522 -0.0691759 -0.1212825 -0.2493187 0.9583034
354.000000 0.3639669 -0.4537807 -0.3292844 -0.0747414 -0.1288863 -0.2692634 0.9514722
356.000000 0.3816624 -0.4911161 -0.3469637 -0.0457266 -0.1173764 -0.2867859 0.9496766
358.000000 0.3799482 -0.5171379 -0.3613377 -0.0042396 -0.1140957 -0.3126193 0.9429917
360.000000 0.3805253 -0.5228696 -0.3661769 0.0216762 -0.1287146 -0.3439263 0.9298803
362.000000 0.3907375 -0.5262866 -0.3649891 0.0340623 -0.1651334 -0.3642077 0.9159276
364.000000 0.4088786 -0.5604321 -0.3330535 0.0265080 -0.1995257 -0.4001481 0.8940740
366.000000 0.4188004 -0.5955281 -0.3074304 0.0373323 -0.2165066 -0.4289594 0.8761992
368.000000 0.4276111 -0.5854319 -0.2756247 0.0566996 -0.2291396 -0.4584409 0.8568034
