210.000000 0.0000000 0.0000000 0.0000000 0.0000000 0.0000000 0.0000000 1.0000000
212.000000 -0.0408821 0.0087159 -0.0069199 -0.0030657 0.0038418 -0.0057642 0.9999713
218.000000 -0.1465098 -0.0039604 -0.0086728 -0.0227861 0.0087370 0.0098797 0.9996533
219.000000 -0.1686339 -0.0076046 -0.0111865 -0.0246461 0.0080477 0.0161163 0.9995340
220.000000 -0.1833434 -0.0145936 -0.0094759 -0.0268943 -0.0001786 0.0275340 0.9992590
232.000000 -0.2893563 -0.0620769 0.0409240 -0.0189448 0.0886764 0.0811791 0.9925662
233.000000 -0.3003959 -0.0700437 0.0458797 -0.0224878 0.1025648 0.0837229 0.9909416
241.000000 -0.3926539 -0.0941616 0.0910007 -0.0267303 0.1644180 0.0761690 0.9830822
249.000000 -0.4616283 -0.1437010 0.1576220 -0.0404014 0.1921881 0.0690805 0.9780896
259.000000 -0.4888272 -0.1907976 0.2345969 -0.0393211 0.2014147 0.0364141 0.9780388
261.000000 -0.4850083 -0.2042425 0.2455260 -0.0488885 0.2040101 0.0379676 0.9770098
263.000000 -0.4731846 -0.2066836 0.2432617 -0.0428303 0.2015389 0.0333389 0.9779755
270.000000 -0.4196788 -0.1938506 0.2284344 -0.0438050 0.2252777 0.0457147 0.9722351
272.000000 -0.3993694 -0.1789771 0.2194317 -0.0413605 0.2341823 0.0581831 0.9695683
295.000000 -0.3288966 0.0206847 0.1389276 -0.1746968 0.2085913 0.0540788 0.9607529
298.000000 -0.3264638 0.0404579 0.1134695 -0.1713853 0.1929708 0.0197337 0.9659192
304.000000 -0.2634949 0.0724888 0.0364775 -0.1786123 0.1486424 -0.0194529 0.9724324
310.000000 -0.1911733 0.0749486 -0.0300404 -0.1608098 0.1048375 -0.0581737 0.9796761
314.000000 -0.1341659 0.0735460 -0.0676791 -0.1473427 0.0834546 -0.0828169 0.9820727
326.000000 0.0560420 0.0065938 -0.1277454 -0.1317075 0.0400431 -0.1038131 0.9850241
330.000000 0.1207047 -0.0459068 -0.1521008 -0.1176905 0.0305987 -0.1230612 0.9849206
332.000000 0.1465030 -0.0868295 -0.1655958 -0.1160807 0.0272685 -0.1438610 0.9823878
338.000000 0.2029855 -0.1826816 -0.2143172 -0.1024779 0.0045130 -0.1871190 0.9769669
340.000000 0.2114475 -0.2067748 -0.2338468 -0.0925380 0.0016687 -0.1996641 0.9754835
342.000000 0.2086541 -0.2380644 -0.2510622 -0.0845239 -0.0125138 -0.2033400 0.9753727
344.000000 0.2262987 -0.2434939 -0.2733080 -0.0725302 -0.0452272 -0.2035487 0.9753265
347.000000 0.2600127 -0.2937841 -0.2842631 -0.0811460 -0.0932880 -0.2142851 0.9689142
350.000000 0.2965270 -0.3393426 -0.3016166 -0.0733349 -0.1115420 -0.2371504 0.9622578
352.000000 0.3253928 -0.3649723 -0.3170761 -0.0671602 -0.1193603 -0.2495931 0.9586167
354.000000 0.3486549 -0.4336748 -0.3253874 -0.0718065 -0.1255159 -0.2697791 0.9520025
356.000000 0.3653793 -0.4721487 -0.3443246 -0.0433393 -0.1137888 -0.2871343 0.9501199
360.000000 0.3666782 -0.4985238 -0.3632166 0.0253343 -0.1252637 -0.3441314 0.9301832
362.000000 0.3768439 -0.5025106 -0.3627213 0.0374673 -0.1616196 -0.3646538 0.9162439
364.000000 0.3915481 -0.5333264 -0.3332105 0.0302016 -0.1944745 -0.4008462 0.8947569
366.000000 0.4000279 -0.5666288 -0.3093783 0.0412191 -0.2106235 -0.4301843 0.8768581
368.000000 0.4086041 -0.5565299 -0.2801858 0.0601239 -0.2227013 -0.4592979 0.8578081
370.000000 0.4591380 -0.5300157 -0.2330038 0.0468900 -0.2447984 -0.4875934 0.8367363
372.000000 0.4665344 -0.5392910 -0.1888667 0.0136577 -0.2564934 -0.5069033 0.8228449
374.000000 0.4833258 -0.5467707 -0.1460044 -0.0137206 -0.2670108 -0.5170916 0.8131011
379.000000 0.5478989 -0.5726036 -0.0494471 -0.0721932 -0.3279187 -0.4656031 0.8188230
382.000000 0.6061512 -0.5953021 -0.0007597 -0.0949444 -0.3580059 -0.4377380 0.8192697
385.000000 0.6754080 -0.6168838 0.0402731 -0.0962759 -0.3832938 -0.4076011 0.8232120
388.000000 0.7491732 -0.6371343 0.0856899 -0.0987168 -0.4113507 -0.3755738 0.8246151
391.000000 0.8209009 -0.6495978 0.1313209 -0.0932431 -0.4302531 -0.3467036 0.8282418
395.000000 0.9324157 -0.6587294 0.2019574 -0.0650279 -0.4358389 -0.3252276 0.8366857
398.000000 1.0106614 -0.6402968 0.2286926 -0.0458248 -0.4341030 -0.3226075 0.8398685
401.000000 1.0754299 -0.6369408 0.2447732 -0.0631412 -0.4391651 -0.3236493 0.8357023
403.000000 1.1187344 -0.6447834 0.2485728 -0.0838369 -0.4480179 -0.3322874 0.8257339
406.000000 1.1835175 -0.6848391 0.2731148 -0.0741012 -0.4478438 -0.3560856 0.8167913
408.000000 1.2035756 -0.7035158 0.2725243 -0.0718180 -0.4344937 -0.3698445 0.8180907
