210.000000 0.0000000 0.0000000 0.0000000 0.0000000 0.0000000 0.0000000 1.0000000
212.000000 -0.0408821 0.0087159 -0.0069199 -0.0030657 0.0038418 -0.0057642 0.9999713
218.000000 -0.1465098 -0.0039604 -0.0086728 -0.0227861 0.0087370 0.0098797 0.9996533
219.000000 -0.1686339 -0.0076046 -0.0111865 -0.0246461 0.0080477 0.0161163 0.9995340
220.000000 -0.1833434 -0.0145936 -0.0094759 -0.0268943 -0.0001786 0.0275340 0.9992590
232.000000 -0.2893563 -0.0620769 0.0409240 -0.0189448 0.0886764 0.0811791 0.9925662
233.000000 -0.3003959 -0.0700437 0.0458797 -0.0224878 0.1025648 0.0837229 0.9909416
241.000000 -0.3926539 -0.0941616 0.0910007 -0.0267303 0.1644180 0.0761690 0.9830822
249.000000 -0.4616283 -0.1437010 0.1576220 -0.0404014 0.1921881 0.0690805 0.9780896
259.000000 -0.4888272 -0.1907976 0.2345969 -0.0393211 0.2014147 0.0364141 0.9780388
261.000000 -0.4850083 -0.2042425 0.2455260 -0.0488885 0.2040101 0.0379676 0.9770098
263.000000 -0.4731846 -0.2066836 0.2432617 -0.0428303 0.2015389 0.0333389 0.9779755
270.000000 -0.4196788 -0.1938506 0.2284344 -0.0438050 0.2252777 0.0457147 0.9722351
272.000000 -0.3993694 -0.1789771 0.2194317 -0.0413605 0.2341823 0.0581831 0.9695683
295.000000 -0.3288966 0.0206847 0.1389276 -0.1746968 0.2085913 0.0540788 0.9607529
298.000000 -0.3264638 0.0404579 0.1134695 -0.1713853 0.1929708 0.0197337 0.9659192
304.000000 -0.2634949 0.0724888 0.0364775 -0.1786123 0.1486424 -0.0194529 0.9724324
310.000000 -0.1911733 0.0749486 -0.0300404 -0.1608098 0.1048375 -0.0581737 0.9796761
314.000000 -0.1341659 0.0735460 -0.0676791 -0.1473427 0.0834546 -0.0828169 0.9820727
326.000000 0.0560420 0.0065938 -0.1277454 -0.1317075 0.0400431 -0.1038131 0.9850241
330.000000 0.1207047 -0.0459068 -0.1521008 -0.1176905 0.0305987 -0.1230612 0.9849206
332.000000 0.1465030 -0.0868295 -0.1655958 -0.1160807 0.0272685 -0.1438610 0.9823878
338.000000 0.2029188 -0.1825791 -0.2143386 -0.1024302 0.0045542 -0.1871415 0.9769675
340.000000 0.2113815 -0.2066710 -0.2338907 -0.0924834 0.0017048 -0.1996956 0.9754822
342.000000 0.2085162 -0.2380147 -0.2511983 -0.0844958 -0.0124587 -0.2034128 0.9753607
344.000000 0.2262987 -0.2434939 -0.2733080 -0.0725302 -0.0452272 -0.2035487 0.9753265
347.000000 0.2600549 -0.2937228 -0.2843032 -0.0811207 -0.0933007 -0.2143029 0.9689111
350.000000 0.2966643 -0.3395138 -0.3015639 -0.0733957 -0.1116069 -0.2371178 0.9622537
352.000000 0.3253928 -0.3649723 -0.3170761 -0.0671602 -0.1193603 -0.2495931 0.9586167
354.000000 0.3486549 -0.4336748 -0.3253874 -0.0718065 -0.1255159 -0.2697791 0.9520025
356.000000 0.3653793 -0.4721487 -0.3443246 -0.0433393 -0.1137888 -0.2871343 0.9501199
360.000000 0.3666782 -0.4985238 -0.3632166 0.0253343 -0.1252637 -0.3441314 0.9301832
362.000000 0.3768439 -0.5025106 -0.3627213 0.0374673 -0.1616196 -0.3646538 0.9162439
364.000000 0.3914138 -0.5331186 -0.3333081 0.0302583 -0.1944100 -0.4008865 0.8947509
368.000000 0.4086041 -0.5565299 -0.2801858 0.0601239 -0.2227013 -0.4592979 0.8578081
370.000000 0.4591619 -0.5300073 -0.2329192 0.0469241 -0.2448201 -0.4875703 0.8367416
372.000000 0.4660301 -0.5391299 -0.1883259 0.0136053 -0.2564278 -0.5068871 0.8228762
374.000000 0.4830365 -0.5468209 -0.1461675 -0.0138004 -0.2669010 -0.5171052 0.8131271
379.000000 0.5486234 -0.5732055 -0.0488898 -0.0723161 -0.3282338 -0.4653185 0.8188478
382.000000 0.6072716 -0.5969005 -0.0001080 -0.0954011 -0.3585223 -0.4371831 0.8192871
385.000000 0.6759811 -0.6178985 0.0410111 -0.0966269 -0.3836235 -0.4072642 0.8231842
388.000000 0.7489321 -0.6377089 0.0857061 -0.0990005 -0.4112629 -0.3754421 0.8246847
395.000000 0.9299446 -0.6568117 0.2004956 -0.0643531 -0.4348991 -0.3259175 0.8369583
403.000000 1.1154621 -0.6402282 0.2511907 -0.0822854 -0.4482952 -0.3332476 0.8253524
406.000000 1.1785204 -0.6798530 0.2712993 -0.0724026 -0.4466349 -0.3575996 0.8169441
408.000000 1.1992677 -0.7003086 0.2709348 -0.0707042 -0.4337009 -0.3714221 0.8178937
411.000000 1.2588246 -0.7189296 0.2845502 -0.0681474 -0.4465351 -0.3756932 0.8092076
413.000000 1.2932508 -0.7395357 0.3058677 -0.0697113 -0.4432372 -0.3785417 0.8095599
418.000000 1.3632216 -0.7877826 0.3637012 -0.0708966 -0.4426626 -0.4077398 0.7954695
420.000000 1.3845031 -0.8059845 0.3850345 -0.0589131 -0.4488891 -0.4156089 0.7888581
422.000000 1.4032104 -0.8215387 0.4043352 -0.0659868 -0.4564060 -0.4180029 0.7826959
424.000000 1.4259019 -0.8407460 0.4197655 -0.0717219 -0.4796624 -0.4153737 0.7695743
436.000000 1.5307784 -0.9492928 0.5265326 -0.0611636 -0.5381458 -0.4504716 0.7097418
438.000000 1.5514795 -0.9642572 0.5417433 -0.0696262 -0.5467310 -0.4560820 0.6987321
448.000000 1.5856583 -1.0617031 0.6323960 -0.0783602 -0.5839925 -0.4636280 0.6617110
452.000000 1.5536509 -1.0875969 0.6746525 -0.0662811 -0.6021351 -0.4547428 0.6528776
454.000000 1.5356247 -1.0928353 0.6972575 -0.0645681 -0.6163677 -0.4496969 0.6431909
458.000000 1.4762281 -1.1083548 0.7499971 -0.0575680 -0.6307653 -0.4491584 0.6301411
462.000000 1.4189185 -1.1241059 0.8042338 -0.0563312 -0.6408595 -0.4529892 0.6171926
470.000000 1.2803301 -1.2075008 0.8666328 -0.0723726 -0.6308922 -0.4556273 0.6238117
476.000000 1.1863685 -1.2647034 0.8460661 -0.0682129 -0.6275078 -0.4780289 0.6107940
478.000000 1.1569279 -1.2798860 0.8364519 -0.0653388 -0.6386195 -0.4761854 0.6009521
481.000000 1.1109571 -1.3005925 0.8235745 -0.0551546 -0.6486779 -0.4784279 0.5893061
483.000000 1.0938650 -1.3073897 0.8296895 -0.0508612 -0.6466424 -0.4828734 0.5883026
490.000000 1.0302690 -1.2986157 0.8335833 -0.0917778 -0.5982821 -0.5477694 0.5775674
493.000000 0.9974101 -1.2798740 0.8311448 -0.0915391 -0.5692901 -0.5747663 0.5806661
499.000000 0.9516008 -1.2454879 0.8666750 -0.0865428 -0.5328345 -0.6091001 0.5810291
501.000000 0.9447230 -1.2136862 0.8752031 -0.0746985 -0.5204383 -0.6189409 0.5835034
503.000000 0.9441844 -1.1909395 0.8949071 -0.0827845 -0.5194477 -0.6209175 0.5811904
506.000000 0.9336029 -1.1568788 0.9150608 -0.1018143 -0.5036867 -0.6321886 0.5798888
512.000000 0.9443679 -1.0647113 0.9426295 -0.1301961 -0.4784879 -0.6371534 0.5900286
514.000000 0.9544808 -1.0239962 0.9444727 -0.1384490 -0.4759517 -0.6342788 0.5932894
517.000000 0.9692729 -0.9746968 0.9354937 -0.1479342 -0.4766423 -0.6322022 0.5926618
520.000000 0.9888071 -0.9292783 0.9189965 -0.1551960 -0.4722716 -0.6314363 0.5951150
523.000000 1.0094622 -0.8852042 0.8956757 -0.1656255 -0.4680008 -0.6271703 0.6001675
526.000000 1.0253847 -0.8438058 0.8704975 -0.1821292 -0.4566700 -0.6272275 0.6040423
532.000000 1.0506775 -0.7740837 0.8137694 -0.1935224 -0.4560405 -0.6226446 0.6057143
535.000000 1.0551008 -0.7478113 0.7887771 -0.2008222 -0.4505587 -0.6197459 0.6103952
538.000000 1.0562913 -0.7206731 0.7664719 -0.2080049 -0.4469175 -0.6147469 0.6156988
541.000000 1.0558934 -0.6990752 0.7472929 -0.2091727 -0.4386495 -0.6071213 0.6286789
544.000000 1.0533856 -0.6840068 0.7250701 -0.2071269 -0.4463222 -0.5919724 0.6383288
547.000000 1.0427421 -0.6716199 0.6974295 -0.1905773 -0.4544905 -0.5800404 0.6485922
550.000000 1.0355830 -0.6680157 0.6748545 -0.1815804 -0.4610318 -0.5600413 0.6639518
553.000000 1.0331407 -0.6631787 0.6578696 -0.1798358 -0.4588631 -0.5451190 0.6781954
557.000000 1.0250243 -0.6606612 0.6419500 -0.1783056 -0.4482824 -0.5359670 0.6928126
560.000000 1.0231161 -0.6525778 0.6243593 -0.1735625 -0.4405362 -0.5228403 0.7088314
