210.000000 0.0000000 0.0000000 0.0000000 0.0000000 0.0000000 0.0000000 1.0000000
211.000000 -0.0204965 0.0044820 -0.0035874 0.0004484 0.0020160 -0.0026782 0.9999943
212.000000 -0.0415748 0.0092840 -0.0064947 -0.0026589 0.0038634 -0.0051470 0.9999757
214.000000 -0.0796191 0.0047437 -0.0078306 -0.0130376 0.0030521 -0.0010892 0.9999098
218.000000 -0.1503047 -0.0041788 -0.0066458 -0.0228030 0.0097232 0.0104619 0.9996380
219.000000 -0.1732170 -0.0077079 -0.0089846 -0.0244146 0.0091369 0.0169151 0.9995170
220.000000 -0.1889899 -0.0158025 -0.0071451 -0.0270389 0.0011749 0.0291052 0.9992099
228.000000 -0.2637141 -0.0465978 0.0330076 -0.0177081 0.0332951 0.0575454 0.9976304
232.000000 -0.2994634 -0.0604050 0.0501120 -0.0175344 0.0926387 0.0808881 0.9922539
233.000000 -0.3112235 -0.0692219 0.0558912 -0.0213473 0.1069328 0.0835487 0.9905197
239.000000 -0.3794563 -0.0891051 0.0893582 -0.0225155 0.1588130 0.0815490 0.9836774
241.000000 -0.4030955 -0.0918459 0.1043820 -0.0249149 0.1690000 0.0758615 0.9823763
249.000000 -0.4712744 -0.1395934 0.1737148 -0.0378792 0.1969637 0.0680209 0.9773145
259.000000 -0.4977728 -0.1858520 0.2507426 -0.0364608 0.2062442 0.0350046 0.9771942
261.000000 -0.4940735 -0.1992016 0.2617443 -0.0459061 0.2089688 0.0366183 0.9761577
263.000000 -0.4823175 -0.2017920 0.2592998 -0.0399762 0.2064800 0.0320425 0.9771086
270.000000 -0.4292304 -0.1897489 0.2433135 -0.0411349 0.2300605 0.0445496 0.9712855
272.000000 -0.4076000 -0.1735165 0.2336771 -0.0379918 0.2382306 0.0571274 0.9687824
274.000000 -0.3907667 -0.1562736 0.2284815 -0.0481886 0.2445249 0.0787341 0.9652390
276.000000 -0.3666456 -0.1242491 0.2149909 -0.0478405 0.2560649 0.0873145 0.9615187
279.000000 -0.3558919 -0.1059414 0.2111649 -0.0696063 0.2570263 0.1244682 0.9558243
281.000000 -0.3486247 -0.0945344 0.2059643 -0.0802797 0.2576713 0.1397569 0.9526955
283.000000 -0.3423310 -0.0754935 0.1978639 -0.0867673 0.2589496 0.1388092 0.9519184
285.000000 -0.3451410 -0.0626988 0.1969693 -0.1008768 0.2613453 0.1311994 0.9509518
