210.000000 0.0000000 0.0000000 0.0000000 0.0000000 0.0000000 0.0000000 1.0000000
211.000000 -0.0207705 0.0039970 -0.0044508 0.0001058 0.0020206 -0.0026808 0.9999943
212.000000 -0.0420068 0.0085967 -0.0074150 -0.0031379 0.0039163 -0.0053489 0.9999731
218.000000 -0.1504194 -0.0044919 -0.0090014 -0.0229780 0.0091139 0.0101673 0.9996427
219.000000 -0.1729674 -0.0082423 -0.0115753 -0.0247988 0.0083710 0.0164528 0.9995220
220.000000 -0.1884016 -0.0165884 -0.0098154 -0.0275290 0.0003014 0.0284234 0.9992168
232.000000 -0.2977487 -0.0654544 0.0422989 -0.0198611 0.0899161 0.0816796 0.9923956
233.000000 -0.3096486 -0.0736782 0.0476387 -0.0234134 0.1041268 0.0841186 0.9907237
241.000000 -0.4040225 -0.0980243 0.0946898 -0.0275719 0.1662939 0.0765013 0.9827175
249.000000 -0.4748222 -0.1489226 0.1637580 -0.0415422 0.1945250 0.0693226 0.9775626
259.000000 -0.5022275 -0.1963305 0.2427876 -0.0403612 0.2037857 0.0364414 0.9775041
261.000000 -0.4983787 -0.2103262 0.2540032 -0.0500644 0.2064245 0.0380532 0.9764397
263.000000 -0.4862000 -0.2128814 0.2513613 -0.0440721 0.2038515 0.0333980 0.9774389
270.000000 -0.4318230 -0.1996980 0.2357921 -0.0449402 0.2276154 0.0457117 0.9716389
272.000000 -0.4104733 -0.1845160 0.2263888 -0.0425036 0.2361632 0.0582693 0.9690331
295.000000 -0.3377456 0.0203906 0.1426459 -0.1750290 0.2096106 0.0544145 0.9604516
298.000000 -0.3351840 0.0407658 0.1164986 -0.1716310 0.1938552 0.0199987 0.9656931
304.000000 -0.2705712 0.0732855 0.0372406 -0.1789737 0.1492105 -0.0190676 0.9722865
310.000000 -0.1965850 0.0758916 -0.0310136 -0.1611530 0.1053221 -0.0578371 0.9795876
314.000000 -0.1379740 0.0743685 -0.0696954 -0.1477083 0.0837163 -0.0823605 0.9820339
326.000000 0.0576176 0.0063000 -0.1307213 -0.1318454 0.0397603 -0.1035058 0.9850495
330.000000 0.1235412 -0.0469693 -0.1551661 -0.1177056 0.0303697 -0.1229693 0.9849374
332.000000 0.1498260 -0.0883037 -0.1684965 -0.1158898 0.0272428 -0.1437787 0.9824231
336.000000 0.1895468 -0.1492931 -0.2008169 -0.1038415 0.0122640 -0.1698517 0.9799066
338.000000 0.2078501 -0.1859361 -0.2184532 -0.1020986 0.0043306 -0.1870845 0.9770141
340.000000 0.2166339 -0.2104219 -0.2383071 -0.0921197 0.0014599 -0.1995098 0.9755551
342.000000 0.2146105 -0.2425916 -0.2560048 -0.0842282 -0.0130955 -0.2030653 0.9754479
344.000000 0.2310575 -0.2502574 -0.2790350 -0.0732492 -0.0452523 -0.2034420 0.9752939
347.000000 0.2665448 -0.3018041 -0.2901245 -0.0817136 -0.0938535 -0.2142525 0.9688190
350.000000 0.3041140 -0.3485530 -0.3081355 -0.0738852 -0.1120671 -0.2369874 0.9621949
352.000000 0.3338321 -0.3752093 -0.3240440 -0.0678368 -0.1200182 -0.2493467 0.9585510
354.000000 0.3595471 -0.4493249 -0.3307430 -0.0735220 -0.1268512 -0.2689085 0.9519409
356.000000 0.3758265 -0.4876121 -0.3496894 -0.0448865 -0.1152188 -0.2870491 0.9499014
