210.000000 0.0000000 0.0000000 0.0000000 0.0000000 0.0000000 0.0000000 1.0000000
211.000000 -0.0204180 0.0048243 -0.0032471 0.0006079 0.0020071 -0.0028125 0.9999939
212.000000 -0.0416316 0.0093784 -0.0064537 -0.0026644 0.0038914 -0.0052639 0.9999750
214.000000 -0.0800347 0.0048621 -0.0078075 -0.0129996 0.0031584 -0.0010634 0.9999099
218.000000 -0.1516214 -0.0030198 -0.0065548 -0.0222595 0.0102156 0.0102176 0.9996478
219.000000 -0.1747307 -0.0069754 -0.0091063 -0.0241055 0.0096779 0.0166725 0.9995235
220.000000 -0.1903680 -0.0147882 -0.0067253 -0.0265749 0.0017100 0.0285029 0.9992389
232.000000 -0.2992582 -0.0627521 0.0462533 -0.0185647 0.0916733 0.0814544 0.9922785
233.000000 -0.3111643 -0.0716294 0.0515273 -0.0224239 0.1059444 0.0840429 0.9905604
241.000000 -0.4049226 -0.0948835 0.0999397 -0.0261650 0.1683978 0.0765062 0.9823973
249.000000 -0.4745376 -0.1439105 0.1695954 -0.0394987 0.1966837 0.0688424 0.9772493
259.000000 -0.5012535 -0.1906749 0.2476959 -0.0381844 0.2059638 0.0358544 0.9771568
261.000000 -0.4973151 -0.2045517 0.2586615 -0.0478755 0.2085678 0.0374840 0.9761159
263.000000 -0.4853355 -0.2069967 0.2560320 -0.0418632 0.2060272 0.0329543 0.9770948
270.000000 -0.4316744 -0.1939843 0.2401931 -0.0426878 0.2296444 0.0453083 0.9712818
272.000000 -0.4101911 -0.1784121 0.2305887 -0.0399280 0.2380124 0.0579517 0.9687092
276.000000 -0.3678217 -0.1263664 0.2112168 -0.0487281 0.2553319 0.0876253 0.9616408
281.000000 -0.3491573 -0.0968398 0.2024964 -0.0814353 0.2565919 0.1404234 0.9527907
285.000000 -0.3448267 -0.0646125 0.1935782 -0.1021377 0.2599279 0.1317535 0.9511290
288.000000 -0.3445484 -0.0302539 0.1872117 -0.1212275 0.2566205 0.1104703 0.9524947
291.000000 -0.3450039 0.0006902 0.1762164 -0.1508066 0.2397169 0.0896018 0.9548637
295.000000 -0.3392409 0.0234433 0.1483836 -0.1728564 0.2121117 0.0551580 0.9602535
298.000000 -0.3357122 0.0443702 0.1219103 -0.1691272 0.1957767 0.0208649 0.9657288
302.000000 -0.2947206 0.0720308 0.0667185 -0.1760916 0.1561647 -0.0126912 0.9718247
304.000000 -0.2692150 0.0789577 0.0413425 -0.1753616 0.1496728 -0.0187158 0.9728803
307.000000 -0.2344406 0.0786814 0.0083005 -0.1673922 0.1299991 -0.0304414 0.9768078
310.000000 -0.1948370 0.0829211 -0.0270594 -0.1571528 0.1056457 -0.0583571 0.9801716
312.000000 -0.1664650 0.0873648 -0.0536836 -0.1487054 0.0929550 -0.0746458 0.9816690
314.000000 -0.1389608 0.0786037 -0.0675021 -0.1454577 0.0849884 -0.0827701 0.9822261
