210.000000 0.0000000 0.0000000 0.0000000 0.0000000 0.0000000 0.0000000 1.0000000
212.000000 -0.0408821 0.0087159 -0.0069199 -0.0030657 0.0038418 -0.0057642 0.9999713
218.000000 -0.1465098 -0.0039604 -0.0086728 -0.0227861 0.0087370 0.0098797 0.9996533
219.000000 -0.1686339 -0.0076046 -0.0111865 -0.0246461 0.0080477 0.0161163 0.9995340
220.000000 -0.1833434 -0.0145936 -0.0094759 -0.0268943 -0.0001786 0.0275340 0.9992590
232.000000 -0.2893563 -0.0620769 0.0409240 -0.0189448 0.0886764 0.0811791 0.9925662
233.000000 -0.3003959 -0.0700437 0.0458797 -0.0224878 0.1025648 0.0837229 0.9909416
241.000000 -0.3926539 -0.0941616 0.0910007 -0.0267303 0.1644180 0.0761690 0.9830822
249.000000 -0.4616283 -0.1437010 0.1576220 -0.0404014 0.1921881 0.0690805 0.9780896
259.000000 -0.4888272 -0.1907976 0.2345969 -0.0393211 0.2014147 0.0364141 0.9780388
261.000000 -0.4850083 -0.2042425 0.2455260 -0.0488885 0.2040101 0.0379676 0.9770098
263.000000 -0.4731846 -0.2066836 0.2432617 -0.0428303 0.2015389 0.0333389 0.9779755
270.000000 -0.4196788 -0.1938506 0.2284344 -0.0438050 0.2252777 0.0457147 0.9722351
272.000000 -0.3993694 -0.1789771 0.2194317 -0.0413605 0.2341823 0.0581831 0.9695683
295.000000 -0.3288966 0.0206847 0.1389276 -0.1746968 0.2085913 0.0540788 0.9607529
298.000000 -0.3264638 0.0404579 0.1134695 -0.1713853 0.1929708 0.0197337 0.9659192
304.000000 -0.2634949 0.0724888 0.0364775 -0.1786123 0.1486424 -0.0194529 0.9724324
310.000000 -0.1911733 0.0749486 -0.0300404 -0.1608098 0.1048375 -0.0581737 0.9796761
314.000000 -0.1341659 0.0735460 -0.0676791 -0.1473427 0.0834546 -0.0828169 0.9820727
326.000000 0.0560420 0.0065938 -0.1277454 -0.1317075 0.0400431 -0.1038131 0.9850241
330.000000 0.1207047 -0.0459068 -0.1521008 -0.1176905 0.0305987 -0.1230612 0.9849206
332.000000 0.1465030 -0.0868295 -0.1655958 -0.1160807 0.0272685 -0.1438610 0.9823878
338.000000 0.2029188 -0.1825791 -0.2143386 -0.1024302 0.0045542 -0.1871415 0.9769675
340.000000 0.2113815 -0.2066710 -0.2338907 -0.0924834 0.0017048 -0.1996956 0.9754822
342.000000 0.2085162 -0.2380147 -0.2511983 -0.0844958 -0.0124587 -0.2034128 0.9753607
344.000000 0.2262987 -0.2434939 -0.2733080 -0.0725302 -0.0452272 -0.2035487 0.9753265
347.000000 0.2600549 -0.2937228 -0.2843032 -0.0811207 -0.0933007 -0.2143029 0.9689111
350.000000 0.2966643 -0.3395138 -0.3015639 -0.0733957 -0.1116069 -0.2371178 0.9622537
352.000000 0.3253928 -0.3649723 -0.3170761 -0.0671602 -0.1193603 -0.2495931 0.9586167
354.000000 0.3486549 -0.4336748 -0.3253874 -0.0718065 -0.1255159 -0.2697791 0.9520025
356.000000 0.3653793 -0.4721487 -0.3443246 -0.0433393 -0.1137888 -0.2871343 0.9501199
360.000000 0.3666782 -0.4985238 -0.3632166 0.0253343 -0.1252637 -0.3441314 0.9301832
362.000000 0.3768439 -0.5025106 -0.3627213 0.0374673 -0.1616196 -0.3646538 0.9162439
364.000000 0.3914138 -0.5331186 -0.3333081 0.0302583 -0.1944100 -0.4008865 0.8947509
368.000000 0.4086041 -0.5565299 -0.2801858 0.0601239 -0.2227013 -0.4592979 0.8578081
370.000000 0.4591619 -0.5300073 -0.2329192 0.0469241 -0.2448201 -0.4875703 0.8367416
372.000000 0.4660301 -0.5391299 -0.1883259 0.0136053 -0.2564278 -0.5068871 0.8228762
374.000000 0.4830365 -0.5468209 -0.1461675 -0.0138004 -0.2669010 -0.5171052 0.8131271
379.000000 0.5478120 -0.5727652 -0.0496581 -0.0722533 -0.3278223 -0.4655675 0.8188766
382.000000 0.6062400 -0.5959952 -0.0008997 -0.0951677 -0.3579973 -0.4375853 0.8193291
385.000000 0.6750883 -0.6170836 0.0401041 -0.0963660 -0.3831343 -0.4076631 0.8232450
388.000000 0.7486972 -0.6371944 0.0853287 -0.0987897 -0.4110689 -0.3756246 0.8247237
391.000000 0.8202860 -0.6494645 0.1303605 -0.0930732 -0.4298090 -0.3469743 0.8283782
395.000000 0.9312758 -0.6586639 0.1999707 -0.0648167 -0.4349908 -0.3256780 0.8369682
403.000000 1.1167524 -0.6419547 0.2494947 -0.0828937 -0.4478157 -0.3329395 0.8256761
406.000000 1.1812891 -0.6827324 0.2709454 -0.0730058 -0.4468381 -0.3573824 0.8168743
408.000000 1.2019665 -0.7030945 0.2706516 -0.0713314 -0.4339033 -0.3710734 0.8178902
411.000000 1.2627785 -0.7236905 0.2847683 -0.0691229 -0.4470777 -0.3755605 0.8088868
413.000000 1.2973771 -0.7423093 0.3080555 -0.0701834 -0.4441552 -0.3781809 0.8091846
418.000000 1.3663585 -0.7896326 0.3681575 -0.0714229 -0.4440040 -0.4071386 0.7949826
420.000000 1.3872992 -0.8094209 0.3883681 -0.0597981 -0.4499094 -0.4153272 0.7883584
422.000000 1.4066246 -0.8249353 0.4077498 -0.0665345 -0.4574760 -0.4178990 0.7820802
424.000000 1.4290986 -0.8423716 0.4241943 -0.0719034 -0.4809014 -0.4149959 0.7689877
434.000000 1.5140841 -0.9362159 0.5182146 -0.0658021 -0.5286179 -0.4448010 0.7199898
436.000000 1.5330380 -0.9511521 0.5353459 -0.0616752 -0.5403659 -0.4497624 0.7084594
438.000000 1.5538075 -0.9657038 0.5507788 -0.0700636 -0.5489518 -0.4552078 0.6975162
446.000000 1.5907474 -1.0400169 0.6234043 -0.0827443 -0.5785006 -0.4613618 0.6675596
448.000000 1.5854225 -1.0582852 0.6461314 -0.0779431 -0.5869532 -0.4622963 0.6600704
452.000000 1.5530797 -1.0807041 0.6892192 -0.0652046 -0.6052729 -0.4530330 0.6512712
454.000000 1.5341790 -1.0858742 0.7128874 -0.0636070 -0.6198310 -0.4478579 0.6412386
456.000000 1.5120583 -1.0913163 0.7453604 -0.0581713 -0.6313909 -0.4432116 0.6336600
458.000000 1.4739240 -1.1014677 0.7664555 -0.0567289 -0.6344447 -0.4473032 0.6278389
460.000000 1.4453263 -1.1056828 0.7966387 -0.0578129 -0.6411051 -0.4468668 0.6212503
462.000000 1.4164195 -1.1154041 0.8207581 -0.0550972 -0.6447933 -0.4508280 0.6147845
464.000000 1.3770844 -1.1356993 0.8464895 -0.0606509 -0.6436595 -0.4522911 0.6143751
