210.000000 0.0000000 0.0000000 0.0000000 0.0000000 0.0000000 0.0000000 1.0000000
212.000000 -0.0408821 0.0087159 -0.0069199 -0.0030657 0.0038418 -0.0057642 0.9999713
218.000000 -0.1465098 -0.0039604 -0.0086728 -0.0227861 0.0087370 0.0098797 0.9996533
219.000000 -0.1686339 -0.0076046 -0.0111865 -0.0246461 0.0080477 0.0161163 0.9995340
220.000000 -0.1833434 -0.0145936 -0.0094759 -0.0268943 -0.0001786 0.0275340 0.9992590
232.000000 -0.2893563 -0.0620769 0.0409240 -0.0189448 0.0886764 0.0811791 0.9925662
233.000000 -0.3003959 -0.0700437 0.0458797 -0.0224878 0.1025648 0.0837229 0.9909416
241.000000 -0.3926539 -0.0941616 0.0910007 -0.0267303 0.1644180 0.0761690 0.9830822
249.000000 -0.4616283 -0.1437010 0.1576220 -0.0404014 0.1921881 0.0690805 0.9780896
259.000000 -0.4888272 -0.1907976 0.2345969 -0.0393211 0.2014147 0.0364141 0.9780388
261.000000 -0.4850083 -0.2042425 0.2455260 -0.0488885 0.2040101 0.0379676 0.9770098
263.000000 -0.4731846 -0.2066836 0.2432617 -0.0428303 0.2015389 0.0333389 0.9779755
270.000000 -0.4196788 -0.1938506 0.2284344 -0.0438050 0.2252777 0.0457147 0.9722351
272.000000 -0.3993694 -0.1789771 0.2194317 -0.0413605 0.2341823 0.0581831 0.9695683
295.000000 -0.3288966 0.0206847 0.1389276 -0.1746968 0.2085913 0.0540788 0.9607529
298.000000 -0.3264638 0.0404579 0.1134695 -0.1713853 0.1929708 0.0197337 0.9659192
304.000000 -0.2634949 0.0724888 0.0364775 -0.1786123 0.1486424 -0.0194529 0.9724324
310.000000 -0.1911733 0.0749486 -0.0300404 -0.1608098 0.1048375 -0.0581737 0.9796761
314.000000 -0.1341659 0.0735460 -0.0676791 -0.1473427 0.0834546 -0.0828169 0.9820727
326.000000 0.0560420 0.0065938 -0.1277454 -0.1317075 0.0400431 -0.1038131 0.9850241
330.000000 0.1207047 -0.0459068 -0.1521008 -0.1176905 0.0305987 -0.1230612 0.9849206
332.000000 0.1465030 -0.0868295 -0.1655958 -0.1160807 0.0272685 -0.1438610 0.9823878
338.000000 0.2029188 -0.1825791 -0.2143386 -0.1024302 0.0045542 -0.1871415 0.9769675
340.000000 0.2113815 -0.2066710 -0.2338907 -0.0924834 0.0017048 -0.1996956 0.9754822
342.000000 0.2085162 -0.2380147 -0.2511983 -0.0844958 -0.0124587 -0.2034128 0.9753607
344.000000 0.2262987 -0.2434939 -0.2733080 -0.0725302 -0.0452272 -0.2035487 0.9753265
347.000000 0.2600549 -0.2937228 -0.2843032 -0.0811207 -0.0933007 -0.2143029 0.9689111
350.000000 0.2966643 -0.3395138 -0.3015639 -0.0733957 -0.1116069 -0.2371178 0.9622537
352.000000 0.3253928 -0.3649723 -0.3170761 -0.0671602 -0.1193603 -0.2495931 0.9586167
354.000000 0.3486549 -0.4336748 -0.3253874 -0.0718065 -0.1255159 -0.2697791 0.9520025
356.000000 0.3653793 -0.4721487 -0.3443246 -0.0433393 -0.1137888 -0.2871343 0.9501199
360.000000 0.3666782 -0.4985238 -0.3632166 0.0253343 -0.1252637 -0.3441314 0.9301832
362.000000 0.3768439 -0.5025106 -0.3627213 0.0374673 -0.1616196 -0.3646538 0.9162439
364.000000 0.3914138 -0.5331186 -0.3333081 0.0302583 -0.1944100 -0.4008865 0.8947509
368.000000 0.4086041 -0.5565299 -0.2801858 0.0601239 -0.2227013 -0.4592979 0.8578081
370.000000 0.4591619 -0.5300073 -0.2329192 0.0469241 -0.2448201 -0.4875703 0.8367416
372.000000 0.4660301 -0.5391299 -0.1883259 0.0136053 -0.2564278 -0.5068871 0.8228762
374.000000 0.4830365 -0.5468209 -0.1461675 -0.0138004 -0.2669010 -0.5171052 0.8131271
379.000000 0.5486234 -0.5732055 -0.0488898 -0.0723161 -0.3282338 -0.4653185 0.8188478
382.000000 0.6074290 -0.5969911 0.0000717 -0.0953974 -0.3586214 -0.4371627 0.8192550
385.000000 0.6760674 -0.6180290 0.0410494 -0.0966517 -0.3836759 -0.4072560 0.8231609
388.000000 0.7490298 -0.6377987 0.0857964 -0.0990133 -0.4113242 -0.3754299 0.8246582
395.000000 0.9311047 -0.6575614 0.2012295 -0.0644007 -0.4353557 -0.3258341 0.8367497
403.000000 1.1163712 -0.6399714 0.2511795 -0.0820865 -0.4483501 -0.3331787 0.8253702
406.000000 1.1807733 -0.6806028 0.2718335 -0.0720739 -0.4470097 -0.3577817 0.8166884
408.000000 1.2013986 -0.7014681 0.2707452 -0.0706202 -0.4339239 -0.3714642 0.8177635
411.000000 1.2620509 -0.7217278 0.2848933 -0.0683362 -0.4470792 -0.3758388 0.8088236
413.000000 1.2958956 -0.7407140 0.3073652 -0.0696449 -0.4438306 -0.3785527 0.8092353
418.000000 1.3657753 -0.7883963 0.3670003 -0.0708539 -0.4437033 -0.4073281 0.7951043
420.000000 1.3866844 -0.8081111 0.3867871 -0.0591588 -0.4494704 -0.4156241 0.7885005
422.000000 1.4056761 -0.8239905 0.4056490 -0.0660906 -0.4568606 -0.4182400 0.7822951
424.000000 1.4286706 -0.8418028 0.4223189 -0.0714471 -0.4804768 -0.4153197 0.7691209
434.000000 1.5139040 -0.9356349 0.5149724 -0.0651524 -0.5278017 -0.4453942 0.7202809
436.000000 1.5325894 -0.9510797 0.5315177 -0.0612268 -0.5393563 -0.4504318 0.7088422
438.000000 1.5533321 -0.9663771 0.5464408 -0.0697212 -0.5478002 -0.4561045 0.6978701
448.000000 1.5867569 -1.0602584 0.6416955 -0.0775182 -0.5860832 -0.4630376 0.6603739
452.000000 1.5540268 -1.0841477 0.6840978 -0.0652101 -0.6042021 -0.4539540 0.6516235
454.000000 1.5358164 -1.0899005 0.7069862 -0.0636563 -0.6185120 -0.4488505 0.6418130
458.000000 1.4756242 -1.1050024 0.7600256 -0.0566958 -0.6329569 -0.4482248 0.6286856
462.000000 1.4179740 -1.1200638 0.8137373 -0.0553998 -0.6429921 -0.4520125 0.6157732
468.000000 1.3165729 -1.1780766 0.8720538 -0.0635387 -0.6366336 -0.4512590 0.6221139
470.000000 1.2788907 -1.2036586 0.8781469 -0.0721139 -0.6336347 -0.4542269 0.6220809
474.000000 1.2196388 -1.2426765 0.8741181 -0.0604105 -0.6326703 -0.4690965 0.6132106
476.000000 1.1843997 -1.2621659 0.8589188 -0.0684493 -0.6305375 -0.4766533 0.6087189
478.000000 1.1542758 -1.2762420 0.8484993 -0.0655126 -0.6413461 -0.4748303 0.5990989
481.000000 1.1083163 -1.2965949 0.8361001 -0.0553295 -0.6515126 -0.4769340 0.5873703
483.000000 1.0909568 -1.3013880 0.8427269 -0.0508832 -0.6496150 -0.4811321 0.5864495
485.000000 1.0785270 -1.2997249 0.8383873 -0.0563631 -0.6375009 -0.4838621 0.5969030
487.000000 1.0632517 -1.2959633 0.8343617 -0.0765593 -0.6196465 -0.5084098 0.5930399
490.000000 1.0299592 -1.2936379 0.8477622 -0.0915283 -0.6020410 -0.5454499 0.5758938
493.000000 0.9978045 -1.2743876 0.8437943 -0.0908878 -0.5727115 -0.5727122 0.5794322
