210.000000 0.0000000 0.0000000 0.0000000 0.0000000 0.0000000 0.0000000 1.0000000
211.000000 -0.0205351 0.0044687 -0.0035584 0.0004582 0.0020370 -0.0026564 0.9999943
212.000000 -0.0417807 0.0092678 -0.0065328 -0.0026643 0.0039584 -0.0051066 0.9999756
214.000000 -0.0796565 0.0050966 -0.0074380 -0.0128590 0.0031359 -0.0010884 0.9999118
218.000000 -0.1504365 -0.0037071 -0.0062893 -0.0225640 0.0098794 0.0104058 0.9996424
219.000000 -0.1734303 -0.0074130 -0.0089310 -0.0242819 0.0093050 0.0169362 0.9995184
220.000000 -0.1894661 -0.0154564 -0.0069356 -0.0268621 0.0014049 0.0290813 0.9992151
228.000000 -0.2629870 -0.0459965 0.0334592 -0.0174013 0.0331596 0.0574477 0.9976459
232.000000 -0.2994883 -0.0595681 0.0501385 -0.0171203 0.0927942 0.0808011 0.9922537
233.000000 -0.3112051 -0.0681219 0.0558398 -0.0207985 0.1070664 0.0834812 0.9905226
241.000000 -0.4033872 -0.0912393 0.1042291 -0.0246216 0.1692688 0.0758873 0.9823354
249.000000 -0.4714988 -0.1389519 0.1738777 -0.0375545 0.1973054 0.0679616 0.9772623
259.000000 -0.4975619 -0.1851087 0.2506000 -0.0361486 0.2063971 0.0347795 0.9771816
261.000000 -0.4938803 -0.1983742 0.2615644 -0.0455806 0.2091167 0.0364374 0.9761480
263.000000 -0.4821241 -0.2010910 0.2590606 -0.0396827 0.2066221 0.0318598 0.9770965
270.000000 -0.4295678 -0.1889922 0.2431494 -0.0408301 0.2304291 0.0444159 0.9712170
272.000000 -0.4087561 -0.1733578 0.2340533 -0.0378947 0.2390784 0.0571079 0.9685785
276.000000 -0.3667256 -0.1237137 0.2145699 -0.0476053 0.2563169 0.0873424 0.9614607
279.000000 -0.3559770 -0.1048074 0.2116437 -0.0689815 0.2573676 0.1243227 0.9557967
281.000000 -0.3488719 -0.0936821 0.2066361 -0.0798236 0.2581339 0.1396061 0.9526307
285.000000 -0.3444936 -0.0607735 0.1973132 -0.0999606 0.2612712 0.1308303 0.9511197
288.000000 -0.3444534 -0.0265548 0.1909571 -0.1190806 0.2580532 0.1097743 0.9524589
291.000000 -0.3448254 0.0039163 0.1801389 -0.1486220 0.2411800 0.0893609 0.9548604
293.000000 -0.3436413 0.0163539 0.1693865 -0.1641217 0.2250271 0.0760885 0.9574118
295.000000 -0.3396713 0.0266249 0.1518155 -0.1705813 0.2137403 0.0551026 0.9603025
298.000000 -0.3363550 0.0470070 0.1256710 -0.1673422 0.1975780 0.0209059 0.9656720
