210.000000 0.0000000 0.0000000 0.0000000 0.0000000 0.0000000 0.0000000 1.0000000
212.000000 -0.0408821 0.0087159 -0.0069199 -0.0030657 0.0038418 -0.0057642 0.9999713
218.000000 -0.1465098 -0.0039604 -0.0086728 -0.0227861 0.0087370 0.0098797 0.9996533
219.000000 -0.1686339 -0.0076046 -0.0111865 -0.0246461 0.0080477 0.0161163 0.9995340
220.000000 -0.1833434 -0.0145936 -0.0094759 -0.0268943 -0.0001786 0.0275340 0.9992590
232.000000 -0.2893563 -0.0620769 0.0409240 -0.0189448 0.0886764 0.0811791 0.9925662
233.000000 -0.3003959 -0.0700437 0.0458797 -0.0224878 0.1025648 0.0837229 0.9909416
241.000000 -0.3926539 -0.0941616 0.0910007 -0.0267303 0.1644180 0.0761690 0.9830822
249.000000 -0.4616283 -0.1437010 0.1576220 -0.0404014 0.1921881 0.0690805 0.9780896
259.000000 -0.4888272 -0.1907976 0.2345969 -0.0393211 0.2014147 0.0364141 0.9780388
261.000000 -0.4850083 -0.2042425 0.2455260 -0.0488885 0.2040101 0.0379676 0.9770098
263.000000 -0.4731846 -0.2066836 0.2432617 -0.0428303 0.2015389 0.0333389 0.9779755
270.000000 -0.4196788 -0.1938506 0.2284344 -0.0438050 0.2252777 0.0457147 0.9722351
272.000000 -0.3993694 -0.1789771 0.2194317 -0.0413605 0.2341823 0.0581831 0.9695683
295.000000 -0.3288966 0.0206847 0.1389276 -0.1746968 0.2085913 0.0540788 0.9607529
298.000000 -0.3264638 0.0404579 0.1134695 -0.1713853 0.1929708 0.0197337 0.9659192
304.000000 -0.2634949 0.0724888 0.0364775 -0.1786123 0.1486424 -0.0194529 0.9724324
310.000000 -0.1911733 0.0749486 -0.0300404 -0.1608098 0.1048375 -0.0581737 0.9796761
314.000000 -0.1341659 0.0735460 -0.0676791 -0.1473427 0.0834546 -0.0828169 0.9820727
326.000000 0.0560420 0.0065938 -0.1277454 -0.1317075 0.0400431 -0.1038131 0.9850241
330.000000 0.1207047 -0.0459068 -0.1521008 -0.1176905 0.0305987 -0.1230612 0.9849206
332.000000 0.1465030 -0.0868295 -0.1655958 -0.1160807 0.0272685 -0.1438610 0.9823878
338.000000 0.2029188 -0.1825791 -0.2143386 -0.1024302 0.0045542 -0.1871415 0.9769675
340.000000 0.2113815 -0.2066710 -0.2338907 -0.0924834 0.0017048 -0.1996956 0.9754822
342.000000 0.2085162 -0.2380147 -0.2511983 -0.0844958 -0.0124587 -0.2034128 0.9753607
344.000000 0.2262987 -0.2434939 -0.2733080 -0.0725302 -0.0452272 -0.2035487 0.9753265
347.000000 0.2600549 -0.2937228 -0.2843032 -0.0811207 -0.0933007 -0.2143029 0.9689111
350.000000 0.2966643 -0.3395138 -0.3015639 -0.0733957 -0.1116069 -0.2371178 0.9622537
352.000000 0.3253928 -0.3649723 -0.3170761 -0.0671602 -0.1193603 -0.2495931 0.9586167
354.000000 0.3486549 -0.4336748 -0.3253874 -0.0718065 -0.1255159 -0.2697791 0.9520025
356.000000 0.3653793 -0.4721487 -0.3443246 -0.0433393 -0.1137888 -0.2871343 0.9501199
360.000000 0.3666782 -0.4985238 -0.3632166 0.0253343 -0.1252637 -0.3441314 0.9301832
362.000000 0.3768439 -0.5025106 -0.3627213 0.0374673 -0.1616196 -0.3646538 0.9162439
364.000000 0.3914138 -0.5331186 -0.3333081 0.0302583 -0.1944100 -0.4008865 0.8947509
368.000000 0.4086041 -0.5565299 -0.2801858 0.0601239 -0.2227013 -0.4592979 0.8578081
370.000000 0.4591619 -0.5300073 -0.2329192 0.0469241 -0.2448201 -0.4875703 0.8367416
372.000000 0.4660301 -0.5391299 -0.1883259 0.0136053 -0.2564278 -0.5068871 0.8228762
374.000000 0.4830365 -0.5468209 -0.1461675 -0.0138004 -0.2669010 -0.5171052 0.8131271
379.000000 0.5478120 -0.5727652 -0.0496581 -0.0722533 -0.3278223 -0.4655675 0.8188766
382.000000 0.6063322 -0.5960727 -0.0008826 -0.0951889 -0.3580318 -0.4375408 0.8193353
385.000000 0.6749695 -0.6169631 0.0398282 -0.0963504 -0.3830116 -0.4076597 0.8233057
388.000000 0.7485734 -0.6364971 0.0852639 -0.0986238 -0.4109684 -0.3755284 0.8248374
391.000000 0.8197553 -0.6484911 0.1300631 -0.0928837 -0.4295330 -0.3470083 0.8285283
395.000000 0.9312710 -0.6585996 0.1991497 -0.0648884 -0.4346640 -0.3255178 0.8371946
403.000000 1.1163723 -0.6419275 0.2470589 -0.0829126 -0.4470502 -0.3330040 0.8260629
406.000000 1.1806533 -0.6826558 0.2685425 -0.0731142 -0.4460694 -0.3574924 0.8172365
408.000000 1.2012601 -0.7031540 0.2680346 -0.0715151 -0.4330895 -0.3710798 0.8183025
411.000000 1.2617602 -0.7241271 0.2814127 -0.0695219 -0.4460597 -0.3755999 0.8093962
413.000000 1.2963717 -0.7427616 0.3040288 -0.0706686 -0.4428972 -0.3782969 0.8097774
418.000000 1.3657339 -0.7905353 0.3631541 -0.0720350 -0.4425854 -0.4072769 0.7956473
420.000000 1.3867791 -0.8105958 0.3833824 -0.0603992 -0.4485528 -0.4155352 0.7889758
422.000000 1.4064953 -0.8264965 0.4023560 -0.0672558 -0.4560821 -0.4180810 0.7827350
424.000000 1.4297924 -0.8444791 0.4185475 -0.0726126 -0.4796719 -0.4152109 0.7695727
434.000000 1.5161219 -0.9404487 0.5115656 -0.0668415 -0.5272436 -0.4450135 0.7207701
436.000000 1.5353005 -0.9558022 0.5272384 -0.0627580 -0.5386210 -0.4501253 0.7094618
438.000000 1.5564189 -0.9717660 0.5424383 -0.0714688 -0.5471951 -0.4557995 0.6983670
440.000000 1.5722610 -0.9893654 0.5586305 -0.0752110 -0.5571048 -0.4583268 0.6884142
442.000000 1.5902045 -1.0108438 0.5782375 -0.0821961 -0.5634542 -0.4694248 0.6748360
444.000000 1.5989577 -1.0277445 0.5971954 -0.0830857 -0.5663356 -0.4694639 0.6722829
