210.000000 0.0000000 0.0000000 0.0000000 0.0000000 0.0000000 0.0000000 1.0000000
212.000000 -0.0408821 0.0087159 -0.0069199 -0.0030657 0.0038418 -0.0057642 0.9999713
218.000000 -0.1465098 -0.0039604 -0.0086728 -0.0227861 0.0087370 0.0098797 0.9996533
219.000000 -0.1686339 -0.0076046 -0.0111865 -0.0246461 0.0080477 0.0161163 0.9995340
220.000000 -0.1833434 -0.0145936 -0.0094759 -0.0268943 -0.0001786 0.0275340 0.9992590
232.000000 -0.2893563 -0.0620769 0.0409240 -0.0189448 0.0886764 0.0811791 0.9925662
233.000000 -0.3003959 -0.0700437 0.0458797 -0.0224878 0.1025648 0.0837229 0.9909416
241.000000 -0.3926539 -0.0941616 0.0910007 -0.0267303 0.1644180 0.0761690 0.9830822
249.000000 -0.4616283 -0.1437010 0.1576220 -0.0404014 0.1921881 0.0690805 0.9780896
259.000000 -0.4888272 -0.1907976 0.2345969 -0.0393211 0.2014147 0.0364141 0.9780388
261.000000 -0.4850083 -0.2042425 0.2455260 -0.0488885 0.2040101 0.0379676 0.9770098
263.000000 -0.4731846 -0.2066836 0.2432617 -0.0428303 0.2015389 0.0333389 0.9779755
270.000000 -0.4196788 -0.1938506 0.2284344 -0.0438050 0.2252777 0.0457147 0.9722351
272.000000 -0.3993694 -0.1789771 0.2194317 -0.0413605 0.2341823 0.0581831 0.9695683
295.000000 -0.3288966 0.0206847 0.1389276 -0.1746968 0.2085913 0.0540788 0.9607529
298.000000 -0.3264638 0.0404579 0.1134695 -0.1713853 0.1929708 0.0197337 0.9659192
304.000000 -0.2634949 0.0724888 0.0364775 -0.1786123 0.1486424 -0.0194529 0.9724324
310.000000 -0.1911733 0.0749486 -0.0300404 -0.1608098 0.1048375 -0.0581737 0.9796761
314.000000 -0.1341659 0.0735460 -0.0676791 -0.1473427 0.0834546 -0.0828169 0.9820727
326.000000 0.0560420 0.0065938 -0.1277454 -0.1317075 0.0400431 -0.1038131 0.9850241
330.000000 0.1207047 -0.0459068 -0.1521008 -0.1176905 0.0305987 -0.1230612 0.9849206
332.000000 0.1465030 -0.0868295 -0.1655958 -0.1160807 0.0272685 -0.1438610 0.9823878
338.000000 0.2029711 -0.1825860 -0.2142923 -0.1024337 0.0045342 -0.1871102 0.9769732
340.000000 0.2114125 -0.2066599 -0.2338497 -0.0924846 0.0016964 -0.1996798 0.9754854
342.000000 0.2086000 -0.2379800 -0.2510555 -0.0844906 -0.0124799 -0.2033660 0.9753706
344.000000 0.2262509 -0.2432598 -0.2732646 -0.0724294 -0.0451795 -0.2035637 0.9753331
347.000000 0.2600224 -0.2937439 -0.2842584 -0.0811290 -0.0932828 -0.2142887 0.9689152
350.000000 0.2965502 -0.3393122 -0.3016106 -0.0733240 -0.1115460 -0.2371535 0.9622574
352.000000 0.3254257 -0.3649743 -0.3170663 -0.0671601 -0.1193710 -0.2495931 0.9586154
354.000000 0.3487389 -0.4335200 -0.3253353 -0.0717605 -0.1255368 -0.2697890 0.9520004
356.000000 0.3654200 -0.4721386 -0.3443877 -0.0433241 -0.1137991 -0.2871244 0.9501223
360.000000 0.3667505 -0.4984674 -0.3631551 0.0253475 -0.1252874 -0.3441301 0.9301801
362.000000 0.3768439 -0.5025106 -0.3627213 0.0374673 -0.1616196 -0.3646538 0.9162439
364.000000 0.3916023 -0.5331773 -0.3330019 0.0302325 -0.1944967 -0.4008344 0.8947563
366.000000 0.4000279 -0.5666288 -0.3093783 0.0412191 -0.2106235 -0.4301843 0.8768581
368.000000 0.4086041 -0.5565299 -0.2801858 0.0601239 -0.2227013 -0.4592979 0.8578081
370.000000 0.4591475 -0.5300354 -0.2329050 0.0468706 -0.2448157 -0.4875587 0.8367526
372.000000 0.4666144 -0.5393210 -0.1888223 0.0136472 -0.2565329 -0.5068485 0.8228664
374.000000 0.4833998 -0.5467854 -0.1459647 -0.0137263 -0.2670435 -0.5170490 0.8131173
379.000000 0.5479701 -0.5725956 -0.0494148 -0.0721993 -0.3279389 -0.4655574 0.8188404
382.000000 0.6061978 -0.5951889 -0.0007497 -0.0949319 -0.3579986 -0.4376917 0.8192990
385.000000 0.6754304 -0.6167654 0.0401969 -0.0962442 -0.3832594 -0.4075698 0.8232473
388.000000 0.7491384 -0.6369193 0.0856283 -0.0986789 -0.4112980 -0.3755353 0.8246633
391.000000 0.8208326 -0.6494236 0.1312780 -0.0932263 -0.4301944 -0.3466611 0.8282921
395.000000 0.9321651 -0.6580890 0.2021253 -0.0649213 -0.4358228 -0.3251554 0.8367303
398.000000 1.0101272 -0.6401514 0.2280552 -0.0457091 -0.4339353 -0.3227460 0.8399082
401.000000 1.0749798 -0.6369708 0.2450489 -0.0633221 -0.4391420 -0.3235382 0.8357437
403.000000 1.1182487 -0.6456434 0.2484692 -0.0843575 -0.4478931 -0.3320878 0.8258289
406.000000 1.1821027 -0.6848955 0.2717904 -0.0744438 -0.4474211 -0.3560131 0.8170233
408.000000 1.2006087 -0.7024601 0.2714622 -0.0724053 -0.4339530 -0.3693669 0.8185416
