210.000000 0.0000000 0.0000000 0.0000000 0.0000000 0.0000000 0.0000000 1.0000000
212.000000 -0.0408821 0.0087159 -0.0069199 -0.0030657 0.0038418 -0.0057642 0.9999713
218.000000 -0.1465098 -0.0039604 -0.0086728 -0.0227861 0.0087370 0.0098797 0.9996533
219.000000 -0.1686339 -0.0076046 -0.0111865 -0.0246461 0.0080477 0.0161163 0.9995340
220.000000 -0.1833434 -0.0145936 -0.0094759 -0.0268943 -0.0001786 0.0275340 0.9992590
232.000000 -0.2893563 -0.0620769 0.0409240 -0.0189448 0.0886764 0.0811791 0.9925662
233.000000 -0.3003959 -0.0700437 0.0458797 -0.0224878 0.1025648 0.0837229 0.9909416
241.000000 -0.3926539 -0.0941616 0.0910007 -0.0267303 0.1644180 0.0761690 0.9830822
249.000000 -0.4616283 -0.1437010 0.1576220 -0.0404014 0.1921881 0.0690805 0.9780896
259.000000 -0.4888272 -0.1907976 0.2345969 -0.0393211 0.2014147 0.0364141 0.9780388
261.000000 -0.4850083 -0.2042425 0.2455260 -0.0488885 0.2040101 0.0379676 0.9770098
263.000000 -0.4731846 -0.2066836 0.2432617 -0.0428303 0.2015389 0.0333389 0.9779755
270.000000 -0.4196788 -0.1938506 0.2284344 -0.0438050 0.2252777 0.0457147 0.9722351
272.000000 -0.3993694 -0.1789771 0.2194317 -0.0413605 0.2341823 0.0581831 0.9695683
295.000000 -0.3288966 0.0206847 0.1389276 -0.1746968 0.2085913 0.0540788 0.9607529
298.000000 -0.3264638 0.0404579 0.1134695 -0.1713853 0.1929708 0.0197337 0.9659192
304.000000 -0.2634949 0.0724888 0.0364775 -0.1786123 0.1486424 -0.0194529 0.9724324
310.000000 -0.1911733 0.0749486 -0.0300404 -0.1608098 0.1048375 -0.0581737 0.9796761
314.000000 -0.1341659 0.0735460 -0.0676791 -0.1473427 0.0834546 -0.0828169 0.9820727
326.000000 0.0560420 0.0065938 -0.1277454 -0.1317075 0.0400431 -0.1038131 0.9850241
330.000000 0.1207047 -0.0459068 -0.1521008 -0.1176905 0.0305987 -0.1230612 0.9849206
332.000000 0.1465030 -0.0868295 -0.1655958 -0.1160807 0.0272685 -0.1438610 0.9823878
338.000000 0.2029188 -0.1825791 -0.2143386 -0.1024302 0.0045542 -0.1871415 0.9769675
340.000000 0.2113815 -0.2066710 -0.2338907 -0.0924834 0.0017048 -0.1996956 0.9754822
342.000000 0.2085788 -0.2381156 -0.2510839 -0.0845552 -0.0124808 -0.2033474 0.9753689
344.000000 0.2262987 -0.2434939 -0.2733080 -0.0725302 -0.0452272 -0.2035487 0.9753265
347.000000 0.2600060 -0.2937967 -0.2842694 -0.0811508 -0.0932879 -0.2142878 0.9689131
350.000000 0.2965365 -0.3393868 -0.3016374 -0.0733510 -0.1115445 -0.2371370 0.9622596
352.000000 0.3253928 -0.3649723 -0.3170761 -0.0671602 -0.1193603 -0.2495931 0.9586167
354.000000 0.3486549 -0.4336748 -0.3253874 -0.0718065 -0.1255159 -0.2697791 0.9520025
356.000000 0.3653793 -0.4721487 -0.3443246 -0.0433393 -0.1137888 -0.2871343 0.9501199
360.000000 0.3666782 -0.4985238 -0.3632166 0.0253343 -0.1252637 -0.3441314 0.9301832
362.000000 0.3768439 -0.5025106 -0.3627213 0.0374673 -0.1616196 -0.3646538 0.9162439
364.000000 0.3915151 -0.5333199 -0.3332254 0.0302018 -0.1944609 -0.4008538 0.8947564
366.000000 0.4000279 -0.5666288 -0.3093783 0.0412191 -0.2106235 -0.4301843 0.8768581
368.000000 0.4086041 -0.5565299 -0.2801858 0.0601239 -0.2227013 -0.4592979 0.8578081
370.000000 0.4591380 -0.5300157 -0.2330038 0.0468900 -0.2447984 -0.4875934 0.8367363
372.000000 0.4665410 -0.5392944 -0.1888546 0.0136500 -0.2564955 -0.5068777 0.8228601
374.000000 0.4832963 -0.5466876 -0.1459825 -0.0137052 -0.2669905 -0.5170767 0.8131174
379.000000 0.5477318 -0.5724689 -0.0495637 -0.0721815 -0.3278137 -0.4656165 0.8188585
382.000000 0.6060571 -0.5951691 -0.0007255 -0.0949421 -0.3579776 -0.4377249 0.8192893
385.000000 0.6752959 -0.6166642 0.0403204 -0.0962750 -0.3832487 -0.4075625 0.8232523
388.000000 0.7490721 -0.6370760 0.0855966 -0.0987433 -0.4112766 -0.3755466 0.8246612
391.000000 0.8207629 -0.6502075 0.1309613 -0.0934222 -0.4301064 -0.3467834 0.8282645
395.000000 0.9322988 -0.6591322 0.2015957 -0.0651976 -0.4356608 -0.3252558 0.8367543
398.000000 1.0107791 -0.6405102 0.2281463 -0.0459785 -0.4338874 -0.3225490 0.8399940
401.000000 1.0751648 -0.6374409 0.2436506 -0.0633146 -0.4388171 -0.3237842 0.8358197
403.000000 1.1184808 -0.6447772 0.2475616 -0.0838573 -0.4476840 -0.3323998 0.8258677
406.000000 1.1831253 -0.6845437 0.2721727 -0.0738374 -0.4474526 -0.3563479 0.8169152
408.000000 1.2037144 -0.7039152 0.2715356 -0.0718259 -0.4342978 -0.3700997 0.8180786
411.000000 1.2633817 -0.7234685 0.2855091 -0.0693684 -0.4471717 -0.3747262 0.8092007
