210.000000 0.0000000 0.0000000 0.0000000 0.0000000 0.0000000 0.0000000 1.0000000
211.000000 -0.0205863 0.0049505 -0.0031868 0.0006854 0.0020020 -0.0026002 0.9999944
212.000000 -0.0424666 0.0101440 -0.0060518 -0.0022771 0.0041374 -0.0050816 0.9999759
214.000000 -0.0809012 0.0056545 -0.0066448 -0.0125672 0.0034762 -0.0011467 0.9999143
218.000000 -0.1529430 -0.0021768 -0.0038930 -0.0217904 0.0106842 0.0100527 0.9996549
219.000000 -0.1759660 -0.0052173 -0.0052013 -0.0231402 0.0101844 0.0164809 0.9995445
220.000000 -0.1917864 -0.0133272 -0.0034145 -0.0257582 0.0021790 0.0284868 0.9992599
224.000000 -0.2259968 -0.0294138 0.0195164 -0.0267328 -0.0062311 0.0513358 0.9983041
228.000000 -0.2667090 -0.0453538 0.0381001 -0.0169685 0.0343655 0.0570280 0.9976367
232.000000 -0.3024469 -0.0574581 0.0563745 -0.0159644 0.0937791 0.0796918 0.9922701
233.000000 -0.3147895 -0.0658910 0.0628597 -0.0196053 0.1084188 0.0826512 0.9904695
235.000000 -0.3362760 -0.0743776 0.0736364 -0.0187341 0.1312770 0.0844733 0.9875625
236.000000 -0.3495099 -0.0753956 0.0791939 -0.0157161 0.1414961 0.0833857 0.9862955
239.000000 -0.3814253 -0.0840643 0.0980949 -0.0200313 0.1597892 0.0802860 0.9836770
241.000000 -0.4043367 -0.0870294 0.1126811 -0.0224114 0.1696671 0.0749290 0.9823932
243.000000 -0.4234079 -0.0955304 0.1300735 -0.0304332 0.1839719 0.0663960 0.9802141
245.000000 -0.4396691 -0.1107380 0.1487488 -0.0397432 0.1910675 0.0657907 0.9785629
