210.000000 0.0000000 0.0000000 0.0000000 0.0000000 0.0000000 0.0000000 1.0000000
212.000000 -0.0408821 0.0087159 -0.0069199 -0.0030657 0.0038418 -0.0057642 0.9999713
218.000000 -0.1465098 -0.0039604 -0.0086728 -0.0227861 0.0087370 0.0098797 0.9996533
219.000000 -0.1686339 -0.0076046 -0.0111865 -0.0246461 0.0080477 0.0161163 0.9995340
220.000000 -0.1833434 -0.0145936 -0.0094759 -0.0268943 -0.0001786 0.0275340 0.9992590
232.000000 -0.2893563 -0.0620769 0.0409240 -0.0189448 0.0886764 0.0811791 0.9925662
233.000000 -0.3003959 -0.0700437 0.0458797 -0.0224878 0.1025648 0.0837229 0.9909416
241.000000 -0.3926539 -0.0941616 0.0910007 -0.0267303 0.1644180 0.0761690 0.9830822
249.000000 -0.4616283 -0.1437010 0.1576220 -0.0404014 0.1921881 0.0690805 0.9780896
259.000000 -0.4888272 -0.1907976 0.2345969 -0.0393211 0.2014147 0.0364141 0.9780388
261.000000 -0.4850083 -0.2042425 0.2455260 -0.0488885 0.2040101 0.0379676 0.9770098
263.000000 -0.4731846 -0.2066836 0.2432617 -0.0428303 0.2015389 0.0333389 0.9779755
270.000000 -0.4196788 -0.1938506 0.2284344 -0.0438050 0.2252777 0.0457147 0.9722351
272.000000 -0.3993694 -0.1789771 0.2194317 -0.0413605 0.2341823 0.0581831 0.9695683
295.000000 -0.3288966 0.0206847 0.1389276 -0.1746968 0.2085913 0.0540788 0.9607529
298.000000 -0.3264638 0.0404579 0.1134695 -0.1713853 0.1929708 0.0197337 0.9659192
304.000000 -0.2634949 0.0724888 0.0364775 -0.1786123 0.1486424 -0.0194529 0.9724324
310.000000 -0.1911733 0.0749486 -0.0300404 -0.1608098 0.1048375 -0.0581737 0.9796761
314.000000 -0.1341659 0.0735460 -0.0676791 -0.1473427 0.0834546 -0.0828169 0.9820727
326.000000 0.0560420 0.0065938 -0.1277454 -0.1317075 0.0400431 -0.1038131 0.9850241
330.000000 0.1207047 -0.0459068 -0.1521008 -0.1176905 0.0305987 -0.1230612 0.9849206
332.000000 0.1465030 -0.0868295 -0.1655958 -0.1160807 0.0272685 -0.1438610 0.9823878
338.000000 0.2029188 -0.1825791 -0.2143386 -0.1024302 0.0045542 -0.1871415 0.9769675
340.000000 0.2113815 -0.2066710 -0.2338907 -0.0924834 0.0017048 -0.1996956 0.9754822
342.000000 0.2085162 -0.2380147 -0.2511983 -0.0844958 -0.0124587 -0.2034128 0.9753607
344.000000 0.2262987 -0.2434939 -0.2733080 -0.0725302 -0.0452272 -0.2035487 0.9753265
347.000000 0.2600549 -0.2937228 -0.2843032 -0.0811207 -0.0933007 -0.2143029 0.9689111
350.000000 0.2966643 -0.3395138 -0.3015639 -0.0733957 -0.1116069 -0.2371178 0.9622537
352.000000 0.3253928 -0.3649723 -0.3170761 -0.0671602 -0.1193603 -0.2495931 0.9586167
354.000000 0.3486549 -0.4336748 -0.3253874 -0.0718065 -0.1255159 -0.2697791 0.9520025
356.000000 0.3653793 -0.4721487 -0.3443246 -0.0433393 -0.1137888 -0.2871343 0.9501199
360.000000 0.3666782 -0.4985238 -0.3632166 0.0253343 -0.1252637 -0.3441314 0.9301832
362.000000 0.3768439 -0.5025106 -0.3627213 0.0374673 -0.1616196 -0.3646538 0.9162439
364.000000 0.3914138 -0.5331186 -0.3333081 0.0302583 -0.1944100 -0.4008865 0.8947509
368.000000 0.4086041 -0.5565299 -0.2801858 0.0601239 -0.2227013 -0.4592979 0.8578081
370.000000 0.4591619 -0.5300073 -0.2329192 0.0469241 -0.2448201 -0.4875703 0.8367416
372.000000 0.4660301 -0.5391299 -0.1883259 0.0136053 -0.2564278 -0.5068871 0.8228762
374.000000 0.4830365 -0.5468209 -0.1461675 -0.0138004 -0.2669010 -0.5171052 0.8131271
379.000000 0.5478120 -0.5727652 -0.0496581 -0.0722533 -0.3278223 -0.4655675 0.8188766
382.000000 0.6062400 -0.5959952 -0.0008997 -0.0951677 -0.3579973 -0.4375853 0.8193291
385.000000 0.6750883 -0.6170836 0.0401041 -0.0963660 -0.3831343 -0.4076631 0.8232450
388.000000 0.7484613 -0.6369111 0.0852197 -0.0987391 -0.4109667 -0.3756610 0.8247641
391.000000 0.8199110 -0.6489367 0.1302258 -0.0929855 -0.4296537 -0.3470137 0.8284521
395.000000 0.9310893 -0.6586036 0.1996563 -0.0648719 -0.4348238 -0.3256210 0.8370728
403.000000 1.1165738 -0.6431468 0.2487142 -0.0834604 -0.4475791 -0.3327881 0.8258083
406.000000 1.1810224 -0.6832370 0.2706664 -0.0733853 -0.4467115 -0.3572285 0.8169769
408.000000 1.2014339 -0.7040561 0.2700301 -0.0718898 -0.4336545 -0.3709865 0.8180126
411.000000 1.2621620 -0.7247163 0.2837925 -0.0697365 -0.4467087 -0.3754968 0.8090675
413.000000 1.2969892 -0.7431576 0.3071712 -0.0707472 -0.4438053 -0.3780918 0.8093690
418.000000 1.3657463 -0.7907094 0.3669901 -0.0720947 -0.4435613 -0.4071527 0.7951619
420.000000 1.3869507 -0.8104616 0.3872647 -0.0603978 -0.4495455 -0.4153124 0.7885281
422.000000 1.4063011 -0.8260660 0.4066941 -0.0671933 -0.4571489 -0.4178083 0.7822635
424.000000 1.4291878 -0.8437989 0.4229430 -0.0725824 -0.4805986 -0.4149242 0.7691519
434.000000 1.5143932 -0.9378385 0.5169119 -0.0666051 -0.5283190 -0.4445779 0.7202730
436.000000 1.5334375 -0.9527510 0.5338699 -0.0623878 -0.5400401 -0.4496118 0.7087409
438.000000 1.5540782 -0.9676089 0.5497460 -0.0709596 -0.5487388 -0.4549955 0.6977316
446.000000 1.5916293 -1.0417672 0.6237077 -0.0834848 -0.5786729 -0.4608602 0.6676645
448.000000 1.5856838 -1.0596707 0.6460608 -0.0786439 -0.5869008 -0.4620720 0.6601910
450.000000 1.5780567 -1.0712055 0.6653320 -0.0700127 -0.5949922 -0.4603503 0.6551031
452.000000 1.5539004 -1.0819997 0.6894059 -0.0660795 -0.6053081 -0.4523969 0.6515924
454.000000 1.5341692 -1.0885787 0.7130377 -0.0649008 -0.6198190 -0.4476132 0.6412914
456.000000 1.5128107 -1.0939188 0.7449440 -0.0593398 -0.6311284 -0.4428687 0.6340528
458.000000 1.4748968 -1.1016865 0.7663179 -0.0572262 -0.6343724 -0.4466574 0.6283263
