210.000000 0.0000000 0.0000000 0.0000000 0.0000000 0.0000000 0.0000000 1.0000000
211.000000 -0.0203467 0.0047827 -0.0031607 0.0005980 0.0019808 -0.0028114 0.9999939
212.000000 -0.0414423 0.0094363 -0.0064152 -0.0026460 0.0038075 -0.0053157 0.9999751
214.000000 -0.0798231 0.0046088 -0.0079810 -0.0131253 0.0030485 -0.0010475 0.9999087
218.000000 -0.1513906 -0.0034101 -0.0068208 -0.0224332 0.0100823 0.0102846 0.9996446
219.000000 -0.1744992 -0.0074992 -0.0095466 -0.0243602 0.0095199 0.0167938 0.9995168
220.000000 -0.1902063 -0.0154280 -0.0074252 -0.0268888 0.0015918 0.0286137 0.9992276
232.000000 -0.2993929 -0.0637487 0.0454573 -0.0190280 0.0916346 0.0816616 0.9922562
233.000000 -0.3112144 -0.0725917 0.0507563 -0.0228789 0.1058563 0.0842359 0.9905429
241.000000 -0.4057904 -0.0964175 0.0990621 -0.0268652 0.1686243 0.0767751 0.9823185
249.000000 -0.4756054 -0.1457127 0.1688983 -0.0403112 0.1969559 0.0691294 0.9771410
259.000000 -0.5023991 -0.1926505 0.2472412 -0.0390884 0.2062859 0.0362030 0.9770402
261.000000 -0.4983943 -0.2065943 0.2582198 -0.0488130 0.2088683 0.0378494 0.9759912
263.000000 -0.4863732 -0.2089727 0.2556073 -0.0427711 0.2063171 0.0333124 0.9769822
270.000000 -0.4324766 -0.1958740 0.2395994 -0.0435833 0.2298529 0.0456409 0.9711772
272.000000 -0.4109837 -0.1801495 0.2300683 -0.0407617 0.2382454 0.0582347 0.9686002
276.000000 -0.3683745 -0.1277708 0.2104563 -0.0494516 0.2554364 0.0878244 0.9615579
281.000000 -0.3497781 -0.0984042 0.2016971 -0.0822797 0.2567754 0.1406021 0.9526424
285.000000 -0.3452714 -0.0660519 0.1926618 -0.1029582 0.2599716 0.1319154 0.9510061
288.000000 -0.3448664 -0.0312306 0.1862515 -0.1218258 0.2565642 0.1104526 0.9524356
291.000000 -0.3457249 -0.0007511 0.1753837 -0.1517196 0.2399134 0.0896280 0.9546672
295.000000 -0.3399876 0.0217650 0.1476465 -0.1739090 0.2123348 0.0552813 0.9600071
298.000000 -0.3364411 0.0424281 0.1210148 -0.1703318 0.1958736 0.0210832 0.9654927
302.000000 -0.2961404 0.0697783 0.0659583 -0.1775150 0.1566942 -0.0124903 0.9714831
304.000000 -0.2706725 0.0768070 0.0404270 -0.1766942 0.1501640 -0.0185592 0.9725664
307.000000 -0.2358095 0.0761420 0.0071834 -0.1689190 0.1304265 -0.0301690 0.9764963
310.000000 -0.1957802 0.0808405 -0.0281785 -0.1582942 0.1058277 -0.0580033 0.9799893
312.000000 -0.1668819 0.0856413 -0.0544674 -0.1496841 0.0929241 -0.0746481 0.9815230
314.000000 -0.1377743 0.0787028 -0.0668310 -0.1452894 0.0844632 -0.0825435 0.9823154
