210.000000 0.0000000 0.0000000 0.0000000 0.0000000 0.0000000 0.0000000 1.0000000
212.000000 -0.0408821 0.0087159 -0.0069199 -0.0030657 0.0038418 -0.0057642 0.9999713
218.000000 -0.1465098 -0.0039604 -0.0086728 -0.0227861 0.0087370 0.0098797 0.9996533
219.000000 -0.1686339 -0.0076046 -0.0111865 -0.0246461 0.0080477 0.0161163 0.9995340
220.000000 -0.1833434 -0.0145936 -0.0094759 -0.0268943 -0.0001786 0.0275340 0.9992590
232.000000 -0.2893563 -0.0620769 0.0409240 -0.0189448 0.0886764 0.0811791 0.9925662
233.000000 -0.3003959 -0.0700437 0.0458797 -0.0224878 0.1025648 0.0837229 0.9909416
241.000000 -0.3926539 -0.0941616 0.0910007 -0.0267303 0.1644180 0.0761690 0.9830822
249.000000 -0.4616283 -0.1437010 0.1576220 -0.0404014 0.1921881 0.0690805 0.9780896
259.000000 -0.4888272 -0.1907976 0.2345969 -0.0393211 0.2014147 0.0364141 0.9780388
261.000000 -0.4850083 -0.2042425 0.2455260 -0.0488885 0.2040101 0.0379676 0.9770098
263.000000 -0.4731846 -0.2066836 0.2432617 -0.0428303 0.2015389 0.0333389 0.9779755
270.000000 -0.4196788 -0.1938506 0.2284344 -0.0438050 0.2252777 0.0457147 0.9722351
272.000000 -0.3993694 -0.1789771 0.2194317 -0.0413605 0.2341823 0.0581831 0.9695683
295.000000 -0.3288966 0.0206847 0.1389276 -0.1746968 0.2085913 0.0540788 0.9607529
298.000000 -0.3264638 0.0404579 0.1134695 -0.1713853 0.1929708 0.0197337 0.9659192
304.000000 -0.2634949 0.0724888 0.0364775 -0.1786123 0.1486424 -0.0194529 0.9724324
310.000000 -0.1911733 0.0749486 -0.0300404 -0.1608098 0.1048375 -0.0581737 0.9796761
314.000000 -0.1341659 0.0735460 -0.0676791 -0.1473427 0.0834546 -0.0828169 0.9820727
326.000000 0.0560420 0.0065938 -0.1277454 -0.1317075 0.0400431 -0.1038131 0.9850241
330.000000 0.1207047 -0.0459068 -0.1521008 -0.1176905 0.0305987 -0.1230612 0.9849206
332.000000 0.1465030 -0.0868295 -0.1655958 -0.1160807 0.0272685 -0.1438610 0.9823878
338.000000 0.2029188 -0.1825791 -0.2143386 -0.1024302 0.0045542 -0.1871415 0.9769675
340.000000 0.2113815 -0.2066710 -0.2338907 -0.0924834 0.0017048 -0.1996956 0.9754822
342.000000 0.2085162 -0.2380147 -0.2511983 -0.0844958 -0.0124587 -0.2034128 0.9753607
344.000000 0.2262987 -0.2434939 -0.2733080 -0.0725302 -0.0452272 -0.2035487 0.9753265
347.000000 0.2600549 -0.2937228 -0.2843032 -0.0811207 -0.0933007 -0.2143029 0.9689111
350.000000 0.2966643 -0.3395138 -0.3015639 -0.0733957 -0.1116069 -0.2371178 0.9622537
352.000000 0.3253928 -0.3649723 -0.3170761 -0.0671602 -0.1193603 -0.2495931 0.9586167
354.000000 0.3486549 -0.4336748 -0.3253874 -0.0718065 -0.1255159 -0.2697791 0.9520025
356.000000 0.3653793 -0.4721487 -0.3443246 -0.0433393 -0.1137888 -0.2871343 0.9501199
360.000000 0.3666782 -0.4985238 -0.3632166 0.0253343 -0.1252637 -0.3441314 0.9301832
362.000000 0.3768439 -0.5025106 -0.3627213 0.0374673 -0.1616196 -0.3646538 0.9162439
364.000000 0.3914138 -0.5331186 -0.3333081 0.0302583 -0.1944100 -0.4008865 0.8947509
368.000000 0.4086041 -0.5565299 -0.2801858 0.0601239 -0.2227013 -0.4592979 0.8578081
370.000000 0.4591619 -0.5300073 -0.2329192 0.0469241 -0.2448201 -0.4875703 0.8367416
372.000000 0.4660301 -0.5391299 -0.1883259 0.0136053 -0.2564278 -0.5068871 0.8228762
374.000000 0.4830365 -0.5468209 -0.1461675 -0.0138004 -0.2669010 -0.5171052 0.8131271
379.000000 0.5486234 -0.5732055 -0.0488898 -0.0723161 -0.3282338 -0.4653185 0.8188478
382.000000 0.6073704 -0.5968724 0.0000571 -0.0953735 -0.3585823 -0.4371670 0.8192727
385.000000 0.6759811 -0.6178985 0.0410111 -0.0966269 -0.3836235 -0.4072642 0.8231842
388.000000 0.7489321 -0.6377089 0.0857061 -0.0990005 -0.4112629 -0.3754421 0.8246847
395.000000 0.9309775 -0.6575035 0.2011408 -0.0644234 -0.4352902 -0.3258092 0.8367918
403.000000 1.1161939 -0.6403100 0.2507312 -0.0821967 -0.4481915 -0.3332415 0.8254200
406.000000 1.1804550 -0.6805742 0.2716128 -0.0721373 -0.4468976 -0.3577784 0.8167456
408.000000 1.2011749 -0.7014114 0.2706606 -0.0706730 -0.4338627 -0.3714392 0.8178028
411.000000 1.2616994 -0.7216129 0.2847281 -0.0683836 -0.4469844 -0.3758430 0.8088700
413.000000 1.2955117 -0.7406731 0.3071312 -0.0697382 -0.4437046 -0.3785459 0.8092995
418.000000 1.3654189 -0.7883576 0.3667868 -0.0708998 -0.4436154 -0.4073944 0.7951154
420.000000 1.3863522 -0.8078660 0.3867980 -0.0591569 -0.4494489 -0.4156381 0.7885056
422.000000 1.4053915 -0.8238090 0.4053863 -0.0661014 -0.4567690 -0.4182536 0.7823405
424.000000 1.4283900 -0.8416716 0.4221584 -0.0714863 -0.4804202 -0.4153143 0.7691555
434.000000 1.5136843 -0.9355360 0.5143850 -0.0651870 -0.5276319 -0.4454182 0.7203873
436.000000 1.5324044 -0.9510331 0.5308994 -0.0612777 -0.5391856 -0.4504519 0.7089548
438.000000 1.5532312 -0.9664527 0.5460469 -0.0697851 -0.5477177 -0.4561057 0.6979276
448.000000 1.5867550 -1.0603131 0.6409351 -0.0775367 -0.5859037 -0.4630910 0.6604934
452.000000 1.5541961 -1.0844758 0.6833037 -0.0652496 -0.6040101 -0.4540036 0.6517631
454.000000 1.5358939 -1.0902593 0.7061141 -0.0637721 -0.6182967 -0.4488853 0.6419846
458.000000 1.4758049 -1.1053870 0.7591912 -0.0567168 -0.6327494 -0.4483202 0.6288246
462.000000 1.4180349 -1.1203885 0.8130995 -0.0554924 -0.6428310 -0.4520554 0.6159016
468.000000 1.3166044 -1.1782035 0.8713788 -0.0635386 -0.6364622 -0.4513530 0.6222212
470.000000 1.2788289 -1.2036322 0.8774949 -0.0721224 -0.6334800 -0.4542760 0.6222015
474.000000 1.2196978 -1.2426118 0.8729969 -0.0602628 -0.6324019 -0.4692585 0.6133782
476.000000 1.1847823 -1.2620411 0.8578697 -0.0682506 -0.6303114 -0.4767707 0.6088835
478.000000 1.1545060 -1.2759925 0.8474336 -0.0652682 -0.6411300 -0.4749969 0.5992247
481.000000 1.1086121 -1.2967569 0.8351154 -0.0552450 -0.6512743 -0.4770802 0.5875239
483.000000 1.0913434 -1.3019586 0.8419093 -0.0508699 -0.6494102 -0.4812586 0.5865738
487.000000 1.0634158 -1.2958274 0.8346982 -0.0767035 -0.6196647 -0.5082697 0.5931224
490.000000 1.0300806 -1.2931159 0.8453404 -0.0913100 -0.6012982 -0.5458647 0.5763113
493.000000 0.9980619 -1.2743350 0.8430063 -0.0910355 -0.5724072 -0.5727785 0.5796441
496.000000 0.9778587 -1.2540652 0.8602971 -0.0952933 -0.5602088 -0.5854354 0.5782306
499.000000 0.9557570 -1.2358364 0.8840185 -0.0848701 -0.5382358 -0.6048989 0.5806865
