210.000000 0.0000000 0.0000000 0.0000000 0.0000000 0.0000000 0.0000000 1.0000000
211.000000 -0.0212108 0.0039712 -0.0046538 0.0000644 0.0021811 -0.0027215 0.9999939
212.000000 -0.0423763 0.0086520 -0.0075042 -0.0031246 0.0040047 -0.0053518 0.9999728
218.000000 -0.1514180 -0.0043259 -0.0088047 -0.0228744 0.0092968 0.0101372 0.9996437
219.000000 -0.1742044 -0.0081251 -0.0113588 -0.0247181 0.0086360 0.0164192 0.9995223
220.000000 -0.1897227 -0.0163347 -0.0094559 -0.0273709 0.0005858 0.0282892 0.9992248
232.000000 -0.2997971 -0.0651852 0.0429858 -0.0195547 0.0903257 0.0815370 0.9923763
233.000000 -0.3116445 -0.0735442 0.0483598 -0.0231676 0.1045174 0.0840189 0.9906968
241.000000 -0.4066401 -0.0981460 0.0958205 -0.0274041 0.1668253 0.0764136 0.9826390
249.000000 -0.4777082 -0.1488851 0.1655103 -0.0412121 0.1951633 0.0691843 0.9774591
259.000000 -0.5052131 -0.1963263 0.2449764 -0.0400119 0.2045049 0.0361919 0.9773776
261.000000 -0.5013278 -0.2104660 0.2562013 -0.0497650 0.2071366 0.0378438 0.9763123
263.000000 -0.4891826 -0.2130167 0.2535505 -0.0437741 0.2046007 0.0331558 0.9773040
270.000000 -0.4345045 -0.1999003 0.2376847 -0.0446498 0.2282420 0.0455095 0.9715147
272.000000 -0.4131147 -0.1847671 0.2282398 -0.0422382 0.2367942 0.0580889 0.9689015
295.000000 -0.3400633 0.0204831 0.1439450 -0.1749849 0.2101683 0.0545762 0.9603286
298.000000 -0.3374752 0.0409742 0.1176210 -0.1715864 0.1943800 0.0201756 0.9655917
304.000000 -0.2725148 0.0737224 0.0377467 -0.1789223 0.1496198 -0.0189664 0.9722350
310.000000 -0.1978348 0.0764561 -0.0310275 -0.1610276 0.1055049 -0.0577400 0.9795943
314.000000 -0.1387617 0.0749317 -0.0700277 -0.1475685 0.0837648 -0.0822741 0.9820580
326.000000 0.0580752 0.0066807 -0.1311339 -0.1316829 0.0396613 -0.1036157 0.9850637
330.000000 0.1244048 -0.0470118 -0.1556902 -0.1175978 0.0302645 -0.1230534 0.9849430
332.000000 0.1509042 -0.0888507 -0.1692420 -0.1159322 0.0270292 -0.1437379 0.9824299
338.000000 0.2099751 -0.1872596 -0.2188121 -0.1022909 0.0036847 -0.1871215 0.9769895
340.000000 0.2186439 -0.2117547 -0.2386521 -0.0923015 0.0008900 -0.1995824 0.9755237
342.000000 0.2154917 -0.2450365 -0.2565652 -0.0849033 -0.0132846 -0.2033117 0.9753355
344.000000 0.2335896 -0.2518011 -0.2794397 -0.0734110 -0.0460287 -0.2033166 0.9752715
347.000000 0.2688947 -0.3041461 -0.2902150 -0.0822052 -0.0945380 -0.2141686 0.9687294
350.000000 0.3075088 -0.3522258 -0.3076923 -0.0747886 -0.1133060 -0.2368486 0.9620141
352.000000 0.3373386 -0.3794212 -0.3234510 -0.0688775 -0.1213080 -0.2491781 0.9583582
354.000000 0.3642232 -0.4537733 -0.3292356 -0.0746186 -0.1288102 -0.2691571 0.9515222
356.000000 0.3819366 -0.4921281 -0.3470936 -0.0459096 -0.1174094 -0.2866887 0.9496931
358.000000 0.3807420 -0.5193146 -0.3610694 -0.0049162 -0.1143230 -0.3120438 0.9431515
360.000000 0.3814255 -0.5207508 -0.3657211 0.0225286 -0.1287337 -0.3436438 0.9299619
362.000000 0.3905408 -0.5237975 -0.3651620 0.0348290 -0.1647342 -0.3641472 0.9159948
