210.000000 0.0000000 0.0000000 0.0000000 0.0000000 0.0000000 0.0000000 1.0000000
212.000000 -0.0410238 0.0087707 -0.0069938 -0.0030372 0.0038549 -0.0057460 0.9999714
218.000000 -0.1469266 -0.0040658 -0.0086078 -0.0228242 0.0088236 0.0099385 0.9996511
219.000000 -0.1692164 -0.0076951 -0.0111350 -0.0246670 0.0081964 0.0161672 0.9995314
220.000000 -0.1840596 -0.0150191 -0.0095072 -0.0270375 0.0000050 0.0277009 0.9992505
232.000000 -0.2902977 -0.0621885 0.0412491 -0.0189293 0.0889475 0.0811776 0.9925423
233.000000 -0.3014017 -0.0702402 0.0462077 -0.0225002 0.1028628 0.0837494 0.9909081
241.000000 -0.3939359 -0.0943337 0.0916673 -0.0267211 0.1648403 0.0761758 0.9830111
249.000000 -0.4630292 -0.1440037 0.1585771 -0.0404436 0.1926794 0.0690744 0.9779916
259.000000 -0.4902512 -0.1911023 0.2358215 -0.0393794 0.2019641 0.0363592 0.9779252
261.000000 -0.4864218 -0.2045761 0.2467400 -0.0489588 0.2045605 0.0379120 0.9768934
263.000000 -0.4745690 -0.2070241 0.2444623 -0.0429056 0.2020764 0.0332754 0.9778635
270.000000 -0.4209546 -0.1942319 0.2294738 -0.0438968 0.2257601 0.0456501 0.9721221
272.000000 -0.4006129 -0.1793885 0.2203436 -0.0414649 0.2346399 0.0581412 0.9694557
295.000000 -0.3297776 0.0208663 0.1394424 -0.1745881 0.2088094 0.0541279 0.9607226
298.000000 -0.3273019 0.0407344 0.1139623 -0.1712507 0.1931737 0.0197648 0.9659019
304.000000 -0.2641970 0.0728284 0.0367102 -0.1784893 0.1487966 -0.0194309 0.9724318
310.000000 -0.1916098 0.0753246 -0.0300139 -0.1606858 0.1049049 -0.0581727 0.9796892
314.000000 -0.1345353 0.0739736 -0.0676767 -0.1471934 0.0835536 -0.0828491 0.9820840
326.000000 0.0564347 0.0066517 -0.1280936 -0.1316685 0.0398554 -0.1037849 0.9850399
330.000000 0.1212097 -0.0457341 -0.1523460 -0.1175160 0.0304574 -0.1231259 0.9849377
332.000000 0.1469254 -0.0869016 -0.1659703 -0.1160021 0.0271904 -0.1438996 0.9823936
338.000000 0.2037391 -0.1834145 -0.2147176 -0.1025794 0.0043083 -0.1871839 0.9769448
340.000000 0.2122156 -0.2075676 -0.2342804 -0.0926343 0.0014563 -0.1996969 0.9754680
342.000000 0.2096608 -0.2386529 -0.2512676 -0.0845197 -0.0127754 -0.2033947 0.9753583
344.000000 0.2276119 -0.2442487 -0.2736488 -0.0725730 -0.0456093 -0.2035784 0.9752994
347.000000 0.2613380 -0.2955015 -0.2845552 -0.0815368 -0.0937673 -0.2142818 0.9688358
350.000000 0.2980736 -0.3417620 -0.3020501 -0.0739144 -0.1121116 -0.2372400 0.9621252
352.000000 0.3271247 -0.3679196 -0.3175336 -0.0678653 -0.1200059 -0.2495604 0.9584949
354.000000 0.3508921 -0.4366498 -0.3248450 -0.0724215 -0.1263456 -0.2697037 0.9518676
356.000000 0.3669003 -0.4751416 -0.3443126 -0.0440618 -0.1144387 -0.2871221 0.9500122
360.000000 0.3683296 -0.5022686 -0.3623342 0.0245262 -0.1261265 -0.3442502 0.9300443
362.000000 0.3783432 -0.5060636 -0.3622526 0.0366673 -0.1623894 -0.3646602 0.9161376
364.000000 0.3936524 -0.5372142 -0.3324403 0.0294034 -0.1955177 -0.4008658 0.8945473
366.000000 0.4019216 -0.5703982 -0.3081644 0.0404872 -0.2116261 -0.4299845 0.8767488
368.000000 0.4101123 -0.5603134 -0.2795273 0.0593805 -0.2236316 -0.4593106 0.8576110
370.000000 0.4617734 -0.5333754 -0.2323055 0.0463794 -0.2459615 -0.4871831 0.8366627
372.000000 0.4689404 -0.5425996 -0.1874224 0.0132177 -0.2577026 -0.5066802 0.8226116
374.000000 0.4862578 -0.5505689 -0.1431761 -0.0143541 -0.2687084 -0.5165893 0.8128501
376.000000 0.5113923 -0.5517636 -0.1028962 -0.0403769 -0.2859462 -0.4985940 0.8173178
379.000000 0.5513273 -0.5743033 -0.0463938 -0.0721494 -0.3293676 -0.4650878 0.8185382
382.000000 0.6101637 -0.5985841 0.0021583 -0.0952890 -0.3596783 -0.4372833 0.8187398
385.000000 0.6789644 -0.6199592 0.0440316 -0.0967022 -0.3849152 -0.4072642 0.8225721
