210.000000 0.0000000 0.0000000 0.0000000 0.0000000 0.0000000 0.0000000 1.0000000
211.000000 -0.0203597 0.0046814 -0.0033401 0.0005687 0.0019971 -0.0027069 0.9999942
212.000000 -0.0416756 0.0095064 -0.0063689 -0.0025521 0.0039385 -0.0051644 0.9999757
214.000000 -0.0796011 0.0051133 -0.0071748 -0.0128298 0.0031275 -0.0011386 0.9999121
218.000000 -0.1503790 -0.0034194 -0.0057691 -0.0224098 0.0098858 0.0103211 0.9996467
219.000000 -0.1731823 -0.0071669 -0.0082816 -0.0241368 0.0092453 0.0168360 0.9995241
220.000000 -0.1890314 -0.0150307 -0.0061677 -0.0266466 0.0012806 0.0289366 0.9992252
228.000000 -0.2628779 -0.0456795 0.0338765 -0.0172554 0.0331511 0.0574072 0.9976511
232.000000 -0.2995512 -0.0591646 0.0506851 -0.0169112 0.0928507 0.0807050 0.9922598
233.000000 -0.3110548 -0.0677071 0.0562494 -0.0205837 0.1070173 0.0834247 0.9905372
241.000000 -0.4028685 -0.0906404 0.1046008 -0.0243297 0.1690823 0.0757666 0.9823841
249.000000 -0.4711078 -0.1382236 0.1742731 -0.0372013 0.1971966 0.0678524 0.9773053
259.000000 -0.4972973 -0.1840545 0.2510579 -0.0356359 0.2063537 0.0346512 0.9772142
261.000000 -0.4935889 -0.1974573 0.2620428 -0.0451220 0.2090616 0.0362823 0.9761869
263.000000 -0.4817937 -0.2001206 0.2594737 -0.0392060 0.2065427 0.0317077 0.9771374
270.000000 -0.4291091 -0.1880317 0.2435616 -0.0403428 0.2302871 0.0442579 0.9712783
272.000000 -0.4083888 -0.1724397 0.2344450 -0.0374243 0.2389541 0.0569655 0.9686358
276.000000 -0.3660977 -0.1225554 0.2148144 -0.0470057 0.2559757 0.0871849 0.9615954
281.000000 -0.3487157 -0.0930947 0.2070134 -0.0795046 0.2580897 0.1395178 0.9526823
285.000000 -0.3445388 -0.0605991 0.1977052 -0.0998287 0.2613540 0.1309797 0.9510902
288.000000 -0.3442911 -0.0262804 0.1915371 -0.1188579 0.2581007 0.1098553 0.9524645
291.000000 -0.3443466 0.0050102 0.1806654 -0.1480349 0.2411005 0.0890725 0.9549986
293.000000 -0.3430367 0.0168817 0.1699927 -0.1639004 0.2248822 0.0758465 0.9575030
295.000000 -0.3403010 0.0267120 0.1528133 -0.1706457 0.2143594 0.0549001 0.9601646
298.000000 -0.3352250 0.0498824 0.1259891 -0.1656922 0.1972416 0.0199840 0.9660448
