210.000000 0.0000000 0.0000000 0.0000000 0.0000000 0.0000000 0.0000000 1.0000000
211.000000 -0.0200938 0.0047563 -0.0031524 0.0005869 0.0018622 -0.0026676 0.9999945
212.000000 -0.0411758 0.0095161 -0.0061302 -0.0025205 0.0037351 -0.0050786 0.9999769
214.000000 -0.0781660 0.0055492 -0.0066511 -0.0126197 0.0025900 -0.0012707 0.9999162
218.000000 -0.1476386 -0.0024803 -0.0046836 -0.0219923 0.0089324 0.0099894 0.9996683
219.000000 -0.1701932 -0.0055283 -0.0067736 -0.0234114 0.0082306 0.0163600 0.9995582
220.000000 -0.1852197 -0.0131669 -0.0042393 -0.0258835 0.0000526 0.0283432 0.9992631
228.000000 -0.2581273 -0.0428831 0.0359515 -0.0161452 0.0315261 0.0564876 0.9977748
232.000000 -0.2928268 -0.0560497 0.0528070 -0.0157911 0.0904195 0.0795324 0.9925974
233.000000 -0.3041445 -0.0645442 0.0586881 -0.0195108 0.1045433 0.0825027 0.9909003
239.000000 -0.3694249 -0.0831049 0.0908521 -0.0202528 0.1551873 0.0799225 0.9844385
241.000000 -0.3927860 -0.0857452 0.1050201 -0.0225278 0.1651918 0.0742843 0.9832019
247.000000 -0.4445802 -0.1273243 0.1553139 -0.0377653 0.1928225 0.0668941 0.9782221
249.000000 -0.4601785 -0.1325459 0.1722552 -0.0353075 0.1927002 0.0662353 0.9783828
253.000000 -0.4774247 -0.1576618 0.2027261 -0.0315976 0.1937840 0.0552412 0.9789779
255.000000 -0.4834466 -0.1654428 0.2172742 -0.0267993 0.1920919 0.0455534 0.9799528
257.000000 -0.4827899 -0.1619461 0.2291771 -0.0235097 0.1964173 0.0360165 0.9795766
259.000000 -0.4852038 -0.1776444 0.2471419 -0.0331958 0.2008437 0.0333770 0.9784916
261.000000 -0.4823115 -0.1905742 0.2582697 -0.0424617 0.2039038 0.0346304 0.9774564
263.000000 -0.4715651 -0.1924675 0.2568090 -0.0361407 0.2020799 0.0300484 0.9782406
266.000000 -0.4547879 -0.1951886 0.2536143 -0.0332447 0.2181363 0.0250455 0.9750303
