210.000000 0.0000000 0.0000000 0.0000000 0.0000000 0.0000000 0.0000000 1.0000000
211.000000 -0.0204219 0.0044578 -0.0037753 0.0003835 0.0018958 -0.0027286 0.9999944
212.000000 -0.0415788 0.0089411 -0.0070919 -0.0029122 0.0037390 -0.0052572 0.9999750
218.000000 -0.1516665 -0.0046453 -0.0086483 -0.0230405 0.0098233 0.0103157 0.9996330
219.000000 -0.1739092 -0.0084654 -0.0113432 -0.0248430 0.0089271 0.0167372 0.9995114
220.000000 -0.1893988 -0.0167091 -0.0093969 -0.0275305 0.0009421 0.0286862 0.9992088
232.000000 -0.2994435 -0.0658909 0.0433681 -0.0200314 0.0911073 0.0819049 0.9922650
233.000000 -0.3114301 -0.0744401 0.0487475 -0.0237426 0.1053762 0.0843173 0.9905669
241.000000 -0.4063288 -0.0988893 0.0966774 -0.0279520 0.1680604 0.0767814 0.9823844
249.000000 -0.4769006 -0.1496122 0.1661390 -0.0419582 0.1964344 0.0695956 0.9771435
259.000000 -0.5039505 -0.1967233 0.2452480 -0.0407773 0.2057120 0.0366453 0.9770757
261.000000 -0.5000709 -0.2107632 0.2564501 -0.0505329 0.2083738 0.0382665 0.9759930
263.000000 -0.4879423 -0.2131159 0.2538018 -0.0444684 0.2058071 0.0336062 0.9770039
270.000000 -0.4337304 -0.2002156 0.2377741 -0.0454185 0.2294725 0.0459602 0.9711680
272.000000 -0.4123324 -0.1848659 0.2280867 -0.0428691 0.2379224 0.0585714 0.9685683
295.000000 -0.3382211 0.0211194 0.1438104 -0.1744555 0.2101762 0.0546601 0.9604184
298.000000 -0.3356217 0.0416850 0.1175955 -0.1709878 0.1943823 0.0201536 0.9656979
304.000000 -0.2708955 0.0742004 0.0380512 -0.1783945 0.1495649 -0.0189696 0.9723404
310.000000 -0.1967125 0.0765281 -0.0304955 -0.1607675 0.1055140 -0.0575884 0.9796450
314.000000 -0.1373258 0.0751331 -0.0693186 -0.1472443 0.0835041 -0.0821999 0.9821351
324.000000 0.0246468 0.0379483 -0.1202261 -0.1344042 0.0473013 -0.1026518 0.9844596
326.000000 0.0591908 0.0065350 -0.1305281 -0.1317121 0.0389480 -0.1036530 0.9850843
330.000000 0.1252882 -0.0460097 -0.1540409 -0.1171859 0.0294394 -0.1231855 0.9850006
332.000000 0.1519494 -0.0864242 -0.1674477 -0.1148946 0.0262024 -0.1437431 0.9825734
334.000000 0.1728906 -0.1126672 -0.1834865 -0.1070300 0.0223953 -0.1574241 0.9814584
336.000000 0.1916127 -0.1479707 -0.1989302 -0.1033070 0.0112653 -0.1696153 0.9800161
338.000000 0.2106390 -0.1831869 -0.2162101 -0.1009161 0.0030763 -0.1871469 0.9771298
