210.000000 0.0000000 0.0000000 0.0000000 0.0000000 0.0000000 0.0000000 1.0000000
212.000000 -0.0408821 0.0087159 -0.0069199 -0.0030657 0.0038418 -0.0057642 0.9999713
218.000000 -0.1465098 -0.0039604 -0.0086728 -0.0227861 0.0087370 0.0098797 0.9996533
219.000000 -0.1686339 -0.0076046 -0.0111865 -0.0246461 0.0080477 0.0161163 0.9995340
220.000000 -0.1833434 -0.0145936 -0.0094759 -0.0268943 -0.0001786 0.0275340 0.9992590
232.000000 -0.2893563 -0.0620769 0.0409240 -0.0189448 0.0886764 0.0811791 0.9925662
233.000000 -0.3003959 -0.0700437 0.0458797 -0.0224878 0.1025648 0.0837229 0.9909416
241.000000 -0.3926539 -0.0941616 0.0910007 -0.0267303 0.1644180 0.0761690 0.9830822
249.000000 -0.4616283 -0.1437010 0.1576220 -0.0404014 0.1921881 0.0690805 0.9780896
259.000000 -0.4888272 -0.1907976 0.2345969 -0.0393211 0.2014147 0.0364141 0.9780388
261.000000 -0.4850083 -0.2042425 0.2455260 -0.0488885 0.2040101 0.0379676 0.9770098
263.000000 -0.4731846 -0.2066836 0.2432617 -0.0428303 0.2015389 0.0333389 0.9779755
270.000000 -0.4196788 -0.1938506 0.2284344 -0.0438050 0.2252777 0.0457147 0.9722351
272.000000 -0.3993694 -0.1789771 0.2194317 -0.0413605 0.2341823 0.0581831 0.9695683
295.000000 -0.3288966 0.0206847 0.1389276 -0.1746968 0.2085913 0.0540788 0.9607529
298.000000 -0.3264638 0.0404579 0.1134695 -0.1713853 0.1929708 0.0197337 0.9659192
304.000000 -0.2634949 0.0724888 0.0364775 -0.1786123 0.1486424 -0.0194529 0.9724324
310.000000 -0.1911733 0.0749486 -0.0300404 -0.1608098 0.1048375 -0.0581737 0.9796761
314.000000 -0.1341659 0.0735460 -0.0676791 -0.1473427 0.0834546 -0.0828169 0.9820727
326.000000 0.0560420 0.0065938 -0.1277454 -0.1317075 0.0400431 -0.1038131 0.9850241
330.000000 0.1207047 -0.0459068 -0.1521008 -0.1176905 0.0305987 -0.1230612 0.9849206
332.000000 0.1465030 -0.0868295 -0.1655958 -0.1160807 0.0272685 -0.1438610 0.9823878
338.000000 0.2029188 -0.1825791 -0.2143386 -0.1024302 0.0045542 -0.1871415 0.9769675
340.000000 0.2113815 -0.2066710 -0.2338907 -0.0924834 0.0017048 -0.1996956 0.9754822
342.000000 0.2085162 -0.2380147 -0.2511983 -0.0844958 -0.0124587 -0.2034128 0.9753607
344.000000 0.2262987 -0.2434939 -0.2733080 -0.0725302 -0.0452272 -0.2035487 0.9753265
347.000000 0.2600549 -0.2937228 -0.2843032 -0.0811207 -0.0933007 -0.2143029 0.9689111
350.000000 0.2966643 -0.3395138 -0.3015639 -0.0733957 -0.1116069 -0.2371178 0.9622537
352.000000 0.3253928 -0.3649723 -0.3170761 -0.0671602 -0.1193603 -0.2495931 0.9586167
354.000000 0.3486549 -0.4336748 -0.3253874 -0.0718065 -0.1255159 -0.2697791 0.9520025
356.000000 0.3653793 -0.4721487 -0.3443246 -0.0433393 -0.1137888 -0.2871343 0.9501199
360.000000 0.3666782 -0.4985238 -0.3632166 0.0253343 -0.1252637 -0.3441314 0.9301832
362.000000 0.3768439 -0.5025106 -0.3627213 0.0374673 -0.1616196 -0.3646538 0.9162439
364.000000 0.3914138 -0.5331186 -0.3333081 0.0302583 -0.1944100 -0.4008865 0.8947509
368.000000 0.4086041 -0.5565299 -0.2801858 0.0601239 -0.2227013 -0.4592979 0.8578081
370.000000 0.4591619 -0.5300073 -0.2329192 0.0469241 -0.2448201 -0.4875703 0.8367416
372.000000 0.4660301 -0.5391299 -0.1883259 0.0136053 -0.2564278 -0.5068871 0.8228762
374.000000 0.4830365 -0.5468209 -0.1461675 -0.0138004 -0.2669010 -0.5171052 0.8131271
379.000000 0.5486234 -0.5732055 -0.0488898 -0.0723161 -0.3282338 -0.4653185 0.8188478
382.000000 0.6072716 -0.5969005 -0.0001080 -0.0954011 -0.3585223 -0.4371831 0.8192871
385.000000 0.6759811 -0.6178985 0.0410111 -0.0966269 -0.3836235 -0.4072642 0.8231842
388.000000 0.7489321 -0.6377089 0.0857061 -0.0990005 -0.4112629 -0.3754421 0.8246847
395.000000 0.9299573 -0.6564323 0.2006685 -0.0643247 -0.4349155 -0.3257990 0.8369981
403.000000 1.1155825 -0.6402702 0.2514420 -0.0823808 -0.4483723 -0.3331823 0.8253273
406.000000 1.1780828 -0.6794036 0.2711768 -0.0723215 -0.4465159 -0.3576426 0.8169975
408.000000 1.1988622 -0.7000062 0.2702652 -0.0707056 -0.4334735 -0.3714281 0.8180113
411.000000 1.2588475 -0.7187444 0.2844176 -0.0681158 -0.4464812 -0.3757021 0.8092359
413.000000 1.2930818 -0.7388004 0.3051354 -0.0696569 -0.4430004 -0.3784495 0.8097373
418.000000 1.3630750 -0.7871285 0.3627272 -0.0708253 -0.4423522 -0.4077235 0.7956569
420.000000 1.3842719 -0.8055445 0.3837987 -0.0589635 -0.4485653 -0.4155524 0.7890682
422.000000 1.4031513 -0.8208419 0.4031717 -0.0659637 -0.4561169 -0.4178930 0.7829250
424.000000 1.4258635 -0.8397961 0.4186127 -0.0716312 -0.4793786 -0.4152089 0.7698485
436.000000 1.5308795 -0.9494177 0.5247402 -0.0613898 -0.5378011 -0.4503832 0.7100396
438.000000 1.5515740 -0.9644982 0.5397938 -0.0698924 -0.5463461 -0.4560079 0.6990550
448.000000 1.5865808 -1.0624728 0.6301395 -0.0784735 -0.5836321 -0.4636997 0.6619654
452.000000 1.5542427 -1.0884622 0.6724696 -0.0664738 -0.6017679 -0.4548226 0.6531409
454.000000 1.5363613 -1.0942881 0.6950610 -0.0647721 -0.6160020 -0.4498682 0.6434009
458.000000 1.4772384 -1.1091130 0.7476893 -0.0576489 -0.6303968 -0.4492479 0.6304386
462.000000 1.4202607 -1.1252136 0.8020241 -0.0563392 -0.6404946 -0.4531756 0.6174337
470.000000 1.2814820 -1.2092823 0.8646843 -0.0724901 -0.6305794 -0.4558750 0.6239333
476.000000 1.1874566 -1.2668837 0.8440261 -0.0682998 -0.6271659 -0.4784240 0.6108263
478.000000 1.1576035 -1.2817190 0.8346970 -0.0654229 -0.6383324 -0.4765467 0.6009616
481.000000 1.1117202 -1.3023762 0.8215553 -0.0551749 -0.6483570 -0.4788446 0.5893190
483.000000 1.0942760 -1.3092850 0.8277050 -0.0510198 -0.6463125 -0.4832436 0.5883475
490.000000 1.0304339 -1.2999866 0.8320176 -0.0918241 -0.5979891 -0.5481048 0.5775453
493.000000 0.9977474 -1.2811143 0.8294173 -0.0915962 -0.5689505 -0.5750248 0.5807339
499.000000 0.9518903 -1.2466995 0.8649334 -0.0866544 -0.5324454 -0.6093521 0.5811049
501.000000 0.9452324 -1.2144682 0.8734673 -0.0746437 -0.5200453 -0.6191206 0.5836702
503.000000 0.9448503 -1.1918848 0.8933228 -0.0827843 -0.5190950 -0.6210575 0.5813560
506.000000 0.9342001 -1.1578515 0.9137529 -0.1018193 -0.5034248 -0.6322709 0.5800256
512.000000 0.9452549 -1.0651131 0.9411360 -0.1300303 -0.4781696 -0.6370967 0.5903844
514.000000 0.9555421 -1.0238583 0.9427356 -0.1381533 -0.4754893 -0.6341653 0.5938502
517.000000 0.9703482 -0.9745228 0.9340931 -0.1476302 -0.4763315 -0.6320046 0.5931979
520.000000 0.9897392 -0.9290115 0.9178882 -0.1549466 -0.4720700 -0.6311727 0.5956194
526.000000 1.0252469 -0.8444859 0.8696979 -0.1825681 -0.4564702 -0.6270421 0.6042533
532.000000 1.0509751 -0.7750940 0.8126004 -0.1939440 -0.4558955 -0.6223959 0.6059442
535.000000 1.0553678 -0.7490572 0.7876719 -0.2013761 -0.4504482 -0.6195103 0.6105335
538.000000 1.0570500 -0.7217530 0.7649860 -0.2082221 -0.4468088 -0.6144216 0.6160288
541.000000 1.0569513 -0.7015080 0.7461880 -0.2097934 -0.4391044 -0.6068462 0.6284201
564.000000 1.0166692 -0.6560913 0.6003052 -0.1809414 -0.4267933 -0.5188057 0.7182955
567.000000 1.0186059 -0.6555904 0.5880733 -0.1751085 -0.4157152 -0.5120329 0.7309858
573.000000 1.0321296 -0.6459272 0.5775359 -0.1839602 -0.3866953 -0.4878885 0.7606512
579.000000 1.0345228 -0.6250704 0.5642691 -0.1883290 -0.3463810 -0.4822811 0.7822770
585.000000 1.0224490 -0.6148635 0.5503104 -0.1881063 -0.3350854 -0.4714426 0.7937730
595.000000 1.0102700 -0.6273124 0.5450804 -0.1802336 -0.3447998 -0.4570070 0.7998585
602.000000 0.9949523 -0.6414857 0.5533029 -0.1729229 -0.3506599 -0.4527606 0.8013384
605.000000 0.9939721 -0.6402794 0.5561843 -0.1736776 -0.3527223 -0.4474411 0.8032556
