210.000000 0.0000000 0.0000000 0.0000000 0.0000000 0.0000000 0.0000000 1.0000000
212.000000 -0.0408821 0.0087159 -0.0069199 -0.0030657 0.0038418 -0.0057642 0.9999713
218.000000 -0.1465098 -0.0039604 -0.0086728 -0.0227861 0.0087370 0.0098797 0.9996533
219.000000 -0.1686339 -0.0076046 -0.0111865 -0.0246461 0.0080477 0.0161163 0.9995340
220.000000 -0.1833434 -0.0145936 -0.0094759 -0.0268943 -0.0001786 0.0275340 0.9992590
232.000000 -0.2893563 -0.0620769 0.0409240 -0.0189448 0.0886764 0.0811791 0.9925662
233.000000 -0.3003959 -0.0700437 0.0458797 -0.0224878 0.1025648 0.0837229 0.9909416
241.000000 -0.3926539 -0.0941616 0.0910007 -0.0267303 0.1644180 0.0761690 0.9830822
249.000000 -0.4616283 -0.1437010 0.1576220 -0.0404014 0.1921881 0.0690805 0.9780896
259.000000 -0.4888272 -0.1907976 0.2345969 -0.0393211 0.2014147 0.0364141 0.9780388
261.000000 -0.4850083 -0.2042425 0.2455260 -0.0488885 0.2040101 0.0379676 0.9770098
263.000000 -0.4731846 -0.2066836 0.2432617 -0.0428303 0.2015389 0.0333389 0.9779755
270.000000 -0.4196788 -0.1938506 0.2284344 -0.0438050 0.2252777 0.0457147 0.9722351
272.000000 -0.3993694 -0.1789771 0.2194317 -0.0413605 0.2341823 0.0581831 0.9695683
295.000000 -0.3288966 0.0206847 0.1389276 -0.1746968 0.2085913 0.0540788 0.9607529
298.000000 -0.3264638 0.0404579 0.1134695 -0.1713853 0.1929708 0.0197337 0.9659192
304.000000 -0.2634949 0.0724888 0.0364775 -0.1786123 0.1486424 -0.0194529 0.9724324
310.000000 -0.1911733 0.0749486 -0.0300404 -0.1608098 0.1048375 -0.0581737 0.9796761
314.000000 -0.1341659 0.0735460 -0.0676791 -0.1473427 0.0834546 -0.0828169 0.9820727
326.000000 0.0560420 0.0065938 -0.1277454 -0.1317075 0.0400431 -0.1038131 0.9850241
330.000000 0.1207409 -0.0458120 -0.1520883 -0.1176287 0.0305903 -0.1231180 0.9849212
332.000000 0.1465030 -0.0868295 -0.1655958 -0.1160807 0.0272685 -0.1438610 0.9823878
338.000000 0.2030855 -0.1826205 -0.2142774 -0.1024296 0.0044762 -0.1871436 0.9769675
340.000000 0.2115344 -0.2066864 -0.2338535 -0.0924738 0.0016386 -0.1997071 0.9754809
342.000000 0.2088143 -0.2378897 -0.2509763 -0.0844358 -0.0125612 -0.2033666 0.9753742
344.000000 0.2264219 -0.2433213 -0.2732488 -0.0724369 -0.0452611 -0.2035736 0.9753267
347.000000 0.2603315 -0.2939440 -0.2842222 -0.0811758 -0.0934192 -0.2142246 0.9689124
350.000000 0.2968425 -0.3395630 -0.3015878 -0.0733821 -0.1116777 -0.2371304 0.9622434
352.000000 0.3258922 -0.3652700 -0.3170117 -0.0672175 -0.1195664 -0.2495139 0.9586076
354.000000 0.3491478 -0.4338099 -0.3250660 -0.0718555 -0.1257183 -0.2697509 0.9519801
356.000000 0.3658059 -0.4728919 -0.3441998 -0.0435785 -0.1140144 -0.2869926 0.9501247
360.000000 0.3668433 -0.4991811 -0.3628569 0.0251369 -0.1254468 -0.3441138 0.9301704
362.000000 0.3772025 -0.5031697 -0.3623962 0.0372915 -0.1618363 -0.3645918 0.9162375
364.000000 0.3922355 -0.5341033 -0.3325943 0.0300098 -0.1948261 -0.4006531 0.8947734
366.000000 0.4004812 -0.5672784 -0.3089061 0.0410719 -0.2108902 -0.4300295 0.8768769
368.000000 0.4088999 -0.5573121 -0.2799008 0.0599337 -0.2229472 -0.4592198 0.8577993
370.000000 0.4596723 -0.5307295 -0.2327276 0.0467379 -0.2450913 -0.4874641 0.8367345
372.000000 0.4669465 -0.5399667 -0.1884836 0.0135063 -0.2568050 -0.5068406 0.8227888
374.000000 0.4841346 -0.5476639 -0.1453568 -0.0138516 -0.2675141 -0.5169132 0.8130468
379.000000 0.5488212 -0.5733157 -0.0486992 -0.0722998 -0.3284067 -0.4654176 0.8187236
382.000000 0.6070558 -0.5957010 0.0003371 -0.0950239 -0.3585402 -0.4374965 0.8191558
385.000000 0.6760690 -0.6167669 0.0411431 -0.0962025 -0.3836769 -0.4074683 0.8231080
388.000000 0.7496721 -0.6372484 0.0865476 -0.0987513 -0.4116987 -0.3755108 0.8244659
391.000000 0.8215973 -0.6495197 0.1329589 -0.0932696 -0.4308418 -0.3465349 0.8280034
395.000000 0.9312909 -0.6569362 0.2037711 -0.0646387 -0.4362803 -0.3253896 0.8364227
398.000000 1.0094552 -0.6360677 0.2280426 -0.0434115 -0.4338803 -0.3239090 0.8396108
401.000000 1.0747772 -0.6348126 0.2503175 -0.0622036 -0.4402610 -0.3242002 0.8349822
