210.000000 0.0000000 0.0000000 0.0000000 0.0000000 0.0000000 0.0000000 1.0000000
212.000000 -0.0408821 0.0087159 -0.0069199 -0.0030657 0.0038418 -0.0057642 0.9999713
218.000000 -0.1465098 -0.0039604 -0.0086728 -0.0227861 0.0087370 0.0098797 0.9996533
219.000000 -0.1686339 -0.0076046 -0.0111865 -0.0246461 0.0080477 0.0161163 0.9995340
220.000000 -0.1833434 -0.0145936 -0.0094759 -0.0268943 -0.0001786 0.0275340 0.9992590
232.000000 -0.2893563 -0.0620769 0.0409240 -0.0189448 0.0886764 0.0811791 0.9925662
233.000000 -0.3003959 -0.0700437 0.0458797 -0.0224878 0.1025648 0.0837229 0.9909416
241.000000 -0.3926539 -0.0941616 0.0910007 -0.0267303 0.1644180 0.0761690 0.9830822
249.000000 -0.4616283 -0.1437010 0.1576220 -0.0404014 0.1921881 0.0690805 0.9780896
259.000000 -0.4888272 -0.1907976 0.2345969 -0.0393211 0.2014147 0.0364141 0.9780388
261.000000 -0.4850083 -0.2042425 0.2455260 -0.0488885 0.2040101 0.0379676 0.9770098
263.000000 -0.4731846 -0.2066836 0.2432617 -0.0428303 0.2015389 0.0333389 0.9779755
270.000000 -0.4196788 -0.1938506 0.2284344 -0.0438050 0.2252777 0.0457147 0.9722351
272.000000 -0.3993694 -0.1789771 0.2194317 -0.0413605 0.2341823 0.0581831 0.9695683
295.000000 -0.3288966 0.0206847 0.1389276 -0.1746968 0.2085913 0.0540788 0.9607529
298.000000 -0.3264638 0.0404579 0.1134695 -0.1713853 0.1929708 0.0197337 0.9659192
304.000000 -0.2634949 0.0724888 0.0364775 -0.1786123 0.1486424 -0.0194529 0.9724324
310.000000 -0.1911733 0.0749486 -0.0300404 -0.1608098 0.1048375 -0.0581737 0.9796761
314.000000 -0.1341659 0.0735460 -0.0676791 -0.1473427 0.0834546 -0.0828169 0.9820727
326.000000 0.0560420 0.0065938 -0.1277454 -0.1317075 0.0400431 -0.1038131 0.9850241
330.000000 0.1207047 -0.0459068 -0.1521008 -0.1176905 0.0305987 -0.1230612 0.9849206
332.000000 0.1465030 -0.0868295 -0.1655958 -0.1160807 0.0272685 -0.1438610 0.9823878
338.000000 0.2029188 -0.1825791 -0.2143386 -0.1024302 0.0045542 -0.1871415 0.9769675
340.000000 0.2113815 -0.2066710 -0.2338907 -0.0924834 0.0017048 -0.1996956 0.9754822
342.000000 0.2085162 -0.2380147 -0.2511983 -0.0844958 -0.0124587 -0.2034128 0.9753607
344.000000 0.2262987 -0.2434939 -0.2733080 -0.0725302 -0.0452272 -0.2035487 0.9753265
347.000000 0.2600549 -0.2937228 -0.2843032 -0.0811207 -0.0933007 -0.2143029 0.9689111
350.000000 0.2966643 -0.3395138 -0.3015639 -0.0733957 -0.1116069 -0.2371178 0.9622537
352.000000 0.3253928 -0.3649723 -0.3170761 -0.0671602 -0.1193603 -0.2495931 0.9586167
354.000000 0.3486549 -0.4336748 -0.3253874 -0.0718065 -0.1255159 -0.2697791 0.9520025
356.000000 0.3653793 -0.4721487 -0.3443246 -0.0433393 -0.1137888 -0.2871343 0.9501199
360.000000 0.3666782 -0.4985238 -0.3632166 0.0253343 -0.1252637 -0.3441314 0.9301832
362.000000 0.3768439 -0.5025106 -0.3627213 0.0374673 -0.1616196 -0.3646538 0.9162439
364.000000 0.3914138 -0.5331186 -0.3333081 0.0302583 -0.1944100 -0.4008865 0.8947509
368.000000 0.4086041 -0.5565299 -0.2801858 0.0601239 -0.2227013 -0.4592979 0.8578081
370.000000 0.4591619 -0.5300073 -0.2329192 0.0469241 -0.2448201 -0.4875703 0.8367416
372.000000 0.4660301 -0.5391299 -0.1883259 0.0136053 -0.2564278 -0.5068871 0.8228762
374.000000 0.4830365 -0.5468209 -0.1461675 -0.0138004 -0.2669010 -0.5171052 0.8131271
379.000000 0.5478120 -0.5727652 -0.0496581 -0.0722533 -0.3278223 -0.4655675 0.8188766
382.000000 0.6062400 -0.5959952 -0.0008997 -0.0951677 -0.3579973 -0.4375853 0.8193291
385.000000 0.6750883 -0.6170836 0.0401041 -0.0963660 -0.3831343 -0.4076631 0.8232450
388.000000 0.7486150 -0.6367739 0.0854921 -0.0987024 -0.4110630 -0.3755660 0.8247638
391.000000 0.8199317 -0.6486204 0.1305785 -0.0929252 -0.4297274 -0.3469577 0.8284441
395.000000 0.9315621 -0.6583910 0.1997258 -0.0647714 -0.4348939 -0.3255143 0.8370857
403.000000 1.1163874 -0.6420643 0.2480506 -0.0830004 -0.4473509 -0.3328415 0.8259568
406.000000 1.1809421 -0.6823583 0.2703161 -0.0730175 -0.4466076 -0.3572597 0.8170530
408.000000 1.2015835 -0.7027848 0.2699666 -0.0713952 -0.4336576 -0.3708889 0.8180986
411.000000 1.2621380 -0.7235197 0.2835667 -0.0692230 -0.4466625 -0.3755591 0.8091083
413.000000 1.2970238 -0.7422376 0.3068441 -0.0703458 -0.4437658 -0.3781537 0.8093968
418.000000 1.3659313 -0.7893718 0.3668884 -0.0714733 -0.4435852 -0.4072117 0.7951744
420.000000 1.3870654 -0.8090950 0.3871806 -0.0598100 -0.4495593 -0.4153261 0.7885578
422.000000 1.4065931 -0.8249401 0.4067045 -0.0667085 -0.4572108 -0.4177856 0.7822810
424.000000 1.4294810 -0.8425602 0.4230067 -0.0719992 -0.4806994 -0.4149743 0.7691167
434.000000 1.5147492 -0.9362859 0.5177144 -0.0659796 -0.5286697 -0.4444868 0.7201295
436.000000 1.5336332 -0.9509554 0.5342186 -0.0616900 -0.5402306 -0.4495468 0.7086981
438.000000 1.5542145 -0.9657274 0.5504147 -0.0702300 -0.5489752 -0.4550221 0.6976022
444.000000 1.5960827 -1.0199974 0.6042711 -0.0813313 -0.5678061 -0.4691191 0.6714974
446.000000 1.5917494 -1.0396382 0.6243585 -0.0826972 -0.5789591 -0.4607965 0.6675583
448.000000 1.5856645 -1.0577767 0.6464186 -0.0780182 -0.5870556 -0.4620051 0.6601743
450.000000 1.5779001 -1.0687476 0.6660196 -0.0693032 -0.5952088 -0.4602189 0.6550741
452.000000 1.5547013 -1.0779374 0.6903130 -0.0646842 -0.6057007 -0.4519870 0.6516520
