210.000000 0.0000000 0.0000000 0.0000000 0.0000000 0.0000000 0.0000000 1.0000000
211.000000 -0.0203523 0.0047727 -0.0032908 0.0005954 0.0020047 -0.0027519 0.9999940
212.000000 -0.0415284 0.0093892 -0.0063725 -0.0026442 0.0038784 -0.0052436 0.9999753
214.000000 -0.0801655 0.0049109 -0.0076121 -0.0129525 0.0032540 -0.0010367 0.9999103
218.000000 -0.1513955 -0.0027840 -0.0060508 -0.0221187 0.0102191 0.0101408 0.9996517
219.000000 -0.1744375 -0.0067411 -0.0087081 -0.0239791 0.0096778 0.0166022 0.9995278
220.000000 -0.1901651 -0.0147890 -0.0064881 -0.0265528 0.0017377 0.0284725 0.9992403
232.000000 -0.2990250 -0.0621551 0.0468616 -0.0182984 0.0917943 0.0813086 0.9922842
233.000000 -0.3108109 -0.0712125 0.0519873 -0.0222495 0.1060159 0.0839640 0.9905633
241.000000 -0.4044229 -0.0944073 0.1003099 -0.0259794 0.1684625 0.0764346 0.9823967
249.000000 -0.4739355 -0.1434839 0.1698072 -0.0393711 0.1967506 0.0687867 0.9772449
259.000000 -0.5005193 -0.1901480 0.2477704 -0.0380434 0.2060112 0.0357844 0.9771549
261.000000 -0.4966478 -0.2038934 0.2588433 -0.0476701 0.2086576 0.0374198 0.9761093
263.000000 -0.4846935 -0.2063760 0.2561846 -0.0416813 0.2061087 0.0328812 0.9770879
270.000000 -0.4310614 -0.1935197 0.2403299 -0.0425610 0.2296910 0.0452527 0.9712790
272.000000 -0.4096822 -0.1779529 0.2308024 -0.0397863 0.2380980 0.0578853 0.9686979
276.000000 -0.3673511 -0.1258531 0.2113550 -0.0484888 0.2553773 0.0876381 0.9616396
281.000000 -0.3484954 -0.0962523 0.2026023 -0.0811699 0.2565095 0.1403529 0.9528459
285.000000 -0.3441184 -0.0639080 0.1935849 -0.1017788 0.2597823 0.1316626 0.9512199
288.000000 -0.3441137 -0.0300466 0.1873847 -0.1211028 0.2566724 0.1104744 0.9524961
291.000000 -0.3442475 0.0013823 0.1763366 -0.1504087 0.2395987 0.0894533 0.9549701
295.000000 -0.3386653 0.0239497 0.1485629 -0.1724598 0.2121204 0.0551676 0.9603224
298.000000 -0.3342282 0.0457246 0.1219153 -0.1682617 0.1953104 0.0205070 0.9659820
302.000000 -0.2932013 0.0736713 0.0668996 -0.1750076 0.1557113 -0.0129576 0.9720897
304.000000 -0.2686698 0.0797772 0.0417827 -0.1748292 0.1497304 -0.0189665 0.9729624
307.000000 -0.2333572 0.0801394 0.0090446 -0.1665643 0.1298756 -0.0309290 0.9769503
310.000000 -0.1950211 0.0831850 -0.0260834 -0.1570784 0.1062283 -0.0587459 0.9800974
312.000000 -0.1677116 0.0890293 -0.0531556 -0.1478550 0.0939538 -0.0755970 0.9816296
