210.000000 0.0000000 0.0000000 0.0000000 0.0000000 0.0000000 0.0000000 1.0000000
212.000000 -0.0408460 0.0087355 -0.0069353 -0.0030473 0.0038095 -0.0057611 0.9999715
218.000000 -0.1464268 -0.0040314 -0.0086942 -0.0228191 0.0086821 0.0099357 0.9996525
219.000000 -0.1685382 -0.0075531 -0.0111842 -0.0246118 0.0079918 0.0161369 0.9995349
220.000000 -0.1832128 -0.0145533 -0.0094753 -0.0268643 -0.0002476 0.0275556 0.9992592
232.000000 -0.2893477 -0.0620633 0.0409191 -0.0189385 0.0886653 0.0811754 0.9925675
233.000000 -0.3003808 -0.0700195 0.0458562 -0.0224694 0.1025509 0.0837338 0.9909425
241.000000 -0.3926643 -0.0941540 0.0909922 -0.0267218 0.1644191 0.0761838 0.9830810
249.000000 -0.4616591 -0.1437376 0.1576220 -0.0404146 0.1921992 0.0690913 0.9780862
259.000000 -0.4888272 -0.1907976 0.2345969 -0.0393211 0.2014147 0.0364141 0.9780388
261.000000 -0.4850083 -0.2042425 0.2455260 -0.0488885 0.2040101 0.0379676 0.9770098
263.000000 -0.4731846 -0.2066836 0.2432617 -0.0428303 0.2015389 0.0333389 0.9779755
270.000000 -0.4196788 -0.1938506 0.2284344 -0.0438050 0.2252777 0.0457147 0.9722351
272.000000 -0.3993370 -0.1789644 0.2194052 -0.0413578 0.2341607 0.0581789 0.9695739
295.000000 -0.3288966 0.0206847 0.1389276 -0.1746968 0.2085913 0.0540788 0.9607529
298.000000 -0.3264638 0.0404579 0.1134695 -0.1713853 0.1929708 0.0197337 0.9659192
304.000000 -0.2634949 0.0724888 0.0364775 -0.1786123 0.1486424 -0.0194529 0.9724324
310.000000 -0.1911733 0.0749486 -0.0300404 -0.1608098 0.1048375 -0.0581737 0.9796761
314.000000 -0.1342302 0.0735482 -0.0676355 -0.1473455 0.0834937 -0.0828102 0.9820696
326.000000 0.0558881 0.0064431 -0.1278707 -0.1317783 0.0401029 -0.1037740 0.9850163
330.000000 0.1205901 -0.0459362 -0.1522440 -0.1176780 0.0306535 -0.1231173 0.9849133
332.000000 0.1463042 -0.0869307 -0.1657460 -0.1161167 0.0273622 -0.1438764 0.9823787
338.000000 0.2028426 -0.1829258 -0.2144866 -0.1025449 0.0045612 -0.1871865 0.9769468
340.000000 0.2112104 -0.2070865 -0.2340092 -0.0926528 0.0017505 -0.1997082 0.9754635
342.000000 0.2085942 -0.2381787 -0.2512780 -0.0845128 -0.0124875 -0.2033865 0.9753643
344.000000 0.2263827 -0.2439422 -0.2735383 -0.0726611 -0.0453067 -0.2035640 0.9753099
347.000000 0.2602325 -0.2945498 -0.2845309 -0.0813766 -0.0934262 -0.2142420 0.9688910
350.000000 0.2969716 -0.3397425 -0.3017391 -0.0734110 -0.1117494 -0.2371613 0.9622253
352.000000 0.3260082 -0.3657123 -0.3171517 -0.0673354 -0.1196558 -0.2495176 0.9585872
354.000000 0.3494090 -0.4341949 -0.3249761 -0.0719272 -0.1258829 -0.2696956 0.9519686
356.000000 0.3660323 -0.4724367 -0.3440734 -0.0434583 -0.1141248 -0.2869455 0.9501311
360.000000 0.3673643 -0.4996311 -0.3626456 0.0250548 -0.1256765 -0.3441218 0.9301386
362.000000 0.3772238 -0.5032426 -0.3623305 0.0372449 -0.1619073 -0.3646002 0.9162235
364.000000 0.3925371 -0.5343009 -0.3323467 0.0299682 -0.1950244 -0.4006523 0.8947319
366.000000 0.4007775 -0.5673367 -0.3083900 0.0410751 -0.2110983 -0.4300371 0.8768229
368.000000 0.4090447 -0.5574337 -0.2793962 0.0598948 -0.2231248 -0.4592219 0.8577547
370.000000 0.4606074 -0.5305792 -0.2325727 0.0469128 -0.2454349 -0.4874180 0.8366508
372.000000 0.4676492 -0.5397899 -0.1878757 0.0136850 -0.2571000 -0.5067491 0.8227501
374.000000 0.4847172 -0.5471126 -0.1443676 -0.0136556 -0.2678016 -0.5167326 0.8130703
379.000000 0.5490177 -0.5724727 -0.0483343 -0.0720688 -0.3284668 -0.4652609 0.8188089
382.000000 0.6077449 -0.5947050 0.0005154 -0.0946450 -0.3586411 -0.4372298 0.8192979
385.000000 0.6763499 -0.6156940 0.0415705 -0.0959181 -0.3837586 -0.4072808 0.8231958
388.000000 0.7494495 -0.6354939 0.0865175 -0.0982648 -0.4114848 -0.3754179 0.8246731
391.000000 0.8220002 -0.6485165 0.1325869 -0.0928481 -0.4306045 -0.3463949 0.8282328
