210.000000 0.0000000 0.0000000 0.0000000 0.0000000 0.0000000 0.0000000 1.0000000
212.000000 -0.0408821 0.0087159 -0.0069199 -0.0030657 0.0038418 -0.0057642 0.9999713
218.000000 -0.1465098 -0.0039604 -0.0086728 -0.0227861 0.0087370 0.0098797 0.9996533
219.000000 -0.1686339 -0.0076046 -0.0111865 -0.0246461 0.0080477 0.0161163 0.9995340
220.000000 -0.1833434 -0.0145936 -0.0094759 -0.0268943 -0.0001786 0.0275340 0.9992590
232.000000 -0.2893563 -0.0620769 0.0409240 -0.0189448 0.0886764 0.0811791 0.9925662
233.000000 -0.3003959 -0.0700437 0.0458797 -0.0224878 0.1025648 0.0837229 0.9909416
241.000000 -0.3926539 -0.0941616 0.0910007 -0.0267303 0.1644180 0.0761690 0.9830822
249.000000 -0.4616283 -0.1437010 0.1576220 -0.0404014 0.1921881 0.0690805 0.9780896
259.000000 -0.4888272 -0.1907976 0.2345969 -0.0393211 0.2014147 0.0364141 0.9780388
261.000000 -0.4850083 -0.2042425 0.2455260 -0.0488885 0.2040101 0.0379676 0.9770098
263.000000 -0.4731846 -0.2066836 0.2432617 -0.0428303 0.2015389 0.0333389 0.9779755
270.000000 -0.4196788 -0.1938506 0.2284344 -0.0438050 0.2252777 0.0457147 0.9722351
272.000000 -0.3993694 -0.1789771 0.2194317 -0.0413605 0.2341823 0.0581831 0.9695683
295.000000 -0.3288966 0.0206847 0.1389276 -0.1746968 0.2085913 0.0540788 0.9607529
298.000000 -0.3264638 0.0404579 0.1134695 -0.1713853 0.1929708 0.0197337 0.9659192
304.000000 -0.2634949 0.0724888 0.0364775 -0.1786123 0.1486424 -0.0194529 0.9724324
310.000000 -0.1911733 0.0749486 -0.0300404 -0.1608098 0.1048375 -0.0581737 0.9796761
314.000000 -0.1341659 0.0735460 -0.0676791 -0.1473427 0.0834546 -0.0828169 0.9820727
326.000000 0.0560420 0.0065938 -0.1277454 -0.1317075 0.0400431 -0.1038131 0.9850241
330.000000 0.1207047 -0.0459068 -0.1521008 -0.1176905 0.0305987 -0.1230612 0.9849206
332.000000 0.1465030 -0.0868295 -0.1655958 -0.1160807 0.0272685 -0.1438610 0.9823878
338.000000 0.2029188 -0.1825791 -0.2143386 -0.1024302 0.0045542 -0.1871415 0.9769675
340.000000 0.2113815 -0.2066710 -0.2338907 -0.0924834 0.0017048 -0.1996956 0.9754822
342.000000 0.2085162 -0.2380147 -0.2511983 -0.0844958 -0.0124587 -0.2034128 0.9753607
344.000000 0.2262987 -0.2434939 -0.2733080 -0.0725302 -0.0452272 -0.2035487 0.9753265
347.000000 0.2600549 -0.2937228 -0.2843032 -0.0811207 -0.0933007 -0.2143029 0.9689111
350.000000 0.2966643 -0.3395138 -0.3015639 -0.0733957 -0.1116069 -0.2371178 0.9622537
352.000000 0.3253928 -0.3649723 -0.3170761 -0.0671602 -0.1193603 -0.2495931 0.9586167
354.000000 0.3486549 -0.4336748 -0.3253874 -0.0718065 -0.1255159 -0.2697791 0.9520025
356.000000 0.3653793 -0.4721487 -0.3443246 -0.0433393 -0.1137888 -0.2871343 0.9501199
360.000000 0.3666782 -0.4985238 -0.3632166 0.0253343 -0.1252637 -0.3441314 0.9301832
362.000000 0.3768439 -0.5025106 -0.3627213 0.0374673 -0.1616196 -0.3646538 0.9162439
364.000000 0.3914138 -0.5331186 -0.3333081 0.0302583 -0.1944100 -0.4008865 0.8947509
368.000000 0.4086041 -0.5565299 -0.2801858 0.0601239 -0.2227013 -0.4592979 0.8578081
370.000000 0.4591619 -0.5300073 -0.2329192 0.0469241 -0.2448201 -0.4875703 0.8367416
372.000000 0.4660301 -0.5391299 -0.1883259 0.0136053 -0.2564278 -0.5068871 0.8228762
374.000000 0.4830365 -0.5468209 -0.1461675 -0.0138004 -0.2669010 -0.5171052 0.8131271
379.000000 0.5478120 -0.5727652 -0.0496581 -0.0722533 -0.3278223 -0.4655675 0.8188766
382.000000 0.6061274 -0.5961640 -0.0010795 -0.0952011 -0.3579600 -0.4376835 0.8192891
385.000000 0.6750247 -0.6172102 0.0398481 -0.0964064 -0.3830630 -0.4076581 0.8232760
388.000000 0.7487428 -0.6369938 0.0851466 -0.0987358 -0.4110293 -0.3755727 0.8247734
391.000000 0.8200551 -0.6491148 0.1302029 -0.0930653 -0.4296682 -0.3469303 0.8284705
395.000000 0.9313915 -0.6591804 0.1997353 -0.0652523 -0.4348433 -0.3253342 0.8371446
403.000000 1.1164920 -0.6427984 0.2472023 -0.0833018 -0.4471548 -0.3327187 0.8260821
406.000000 1.1815783 -0.6835045 0.2699224 -0.0735201 -0.4466392 -0.3569844 0.8171110
408.000000 1.2021255 -0.7037104 0.2689593 -0.0717172 -0.4334837 -0.3707623 0.8182199
411.000000 1.2630765 -0.7243652 0.2829613 -0.0695438 -0.4466768 -0.3752112 0.8092343
413.000000 1.2981210 -0.7429364 0.3068398 -0.0705546 -0.4439642 -0.3779624 0.8093591
418.000000 1.3674881 -0.7906393 0.3670502 -0.0719072 -0.4439021 -0.4069121 0.7951118
420.000000 1.3890576 -0.8107091 0.3877832 -0.0601657 -0.4499789 -0.4150424 0.7884408
422.000000 1.4079514 -0.8271344 0.4066072 -0.0672789 -0.4573420 -0.4178594 0.7821159
424.000000 1.4311972 -0.8450940 0.4233551 -0.0726155 -0.4809144 -0.4149922 0.7689147
426.000000 1.4520754 -0.8721665 0.4451368 -0.0770462 -0.4958948 -0.4159435 0.7583820
428.000000 1.4728146 -0.8948348 0.4649792 -0.0769383 -0.5035112 -0.4205998 0.7507682
430.000000 1.4863660 -0.9083425 0.4854906 -0.0727311 -0.5083299 -0.4329465 0.7408564
432.000000 1.5023239 -0.9217613 0.5017116 -0.0677158 -0.5170386 -0.4395958 0.7313284
434.000000 1.5173734 -0.9410819 0.5187991 -0.0668167 -0.5291438 -0.4445808 0.7196459
