210.000000 0.0000000 0.0000000 0.0000000 0.0000000 0.0000000 0.0000000 1.0000000
212.000000 -0.0408821 0.0087159 -0.0069199 -0.0030657 0.0038418 -0.0057642 0.9999713
218.000000 -0.1465098 -0.0039604 -0.0086728 -0.0227861 0.0087370 0.0098797 0.9996533
219.000000 -0.1686339 -0.0076046 -0.0111865 -0.0246461 0.0080477 0.0161163 0.9995340
220.000000 -0.1833434 -0.0145936 -0.0094759 -0.0268943 -0.0001786 0.0275340 0.9992590
232.000000 -0.2893563 -0.0620769 0.0409240 -0.0189448 0.0886764 0.0811791 0.9925662
233.000000 -0.3003959 -0.0700437 0.0458797 -0.0224878 0.1025648 0.0837229 0.9909416
241.000000 -0.3926539 -0.0941616 0.0910007 -0.0267303 0.1644180 0.0761690 0.9830822
249.000000 -0.4616283 -0.1437010 0.1576220 -0.0404014 0.1921881 0.0690805 0.9780896
259.000000 -0.4888272 -0.1907976 0.2345969 -0.0393211 0.2014147 0.0364141 0.9780388
261.000000 -0.4850083 -0.2042425 0.2455260 -0.0488885 0.2040101 0.0379676 0.9770098
263.000000 -0.4731846 -0.2066836 0.2432617 -0.0428303 0.2015389 0.0333389 0.9779755
270.000000 -0.4196788 -0.1938506 0.2284344 -0.0438050 0.2252777 0.0457147 0.9722351
272.000000 -0.3993694 -0.1789771 0.2194317 -0.0413605 0.2341823 0.0581831 0.9695683
295.000000 -0.3288966 0.0206847 0.1389276 -0.1746968 0.2085913 0.0540788 0.9607529
298.000000 -0.3264638 0.0404579 0.1134695 -0.1713853 0.1929708 0.0197337 0.9659192
304.000000 -0.2634949 0.0724888 0.0364775 -0.1786123 0.1486424 -0.0194529 0.9724324
310.000000 -0.1911733 0.0749486 -0.0300404 -0.1608098 0.1048375 -0.0581737 0.9796761
314.000000 -0.1341659 0.0735460 -0.0676791 -0.1473427 0.0834546 -0.0828169 0.9820727
326.000000 0.0560420 0.0065938 -0.1277454 -0.1317075 0.0400431 -0.1038131 0.9850241
330.000000 0.1207047 -0.0459068 -0.1521008 -0.1176905 0.0305987 -0.1230612 0.9849206
332.000000 0.1465030 -0.0868295 -0.1655958 -0.1160807 0.0272685 -0.1438610 0.9823878
338.000000 0.2029188 -0.1825791 -0.2143386 -0.1024302 0.0045542 -0.1871415 0.9769675
340.000000 0.2113815 -0.2066710 -0.2338907 -0.0924834 0.0017048 -0.1996956 0.9754822
342.000000 0.2085162 -0.2380147 -0.2511983 -0.0844958 -0.0124587 -0.2034128 0.9753607
344.000000 0.2262987 -0.2434939 -0.2733080 -0.0725302 -0.0452272 -0.2035487 0.9753265
347.000000 0.2600549 -0.2937228 -0.2843032 -0.0811207 -0.0933007 -0.2143029 0.9689111
350.000000 0.2966643 -0.3395138 -0.3015639 -0.0733957 -0.1116069 -0.2371178 0.9622537
352.000000 0.3253928 -0.3649723 -0.3170761 -0.0671602 -0.1193603 -0.2495931 0.9586167
354.000000 0.3486549 -0.4336748 -0.3253874 -0.0718065 -0.1255159 -0.2697791 0.9520025
356.000000 0.3653793 -0.4721487 -0.3443246 -0.0433393 -0.1137888 -0.2871343 0.9501199
360.000000 0.3666782 -0.4985238 -0.3632166 0.0253343 -0.1252637 -0.3441314 0.9301832
362.000000 0.3768439 -0.5025106 -0.3627213 0.0374673 -0.1616196 -0.3646538 0.9162439
364.000000 0.3914138 -0.5331186 -0.3333081 0.0302583 -0.1944100 -0.4008865 0.8947509
368.000000 0.4086041 -0.5565299 -0.2801858 0.0601239 -0.2227013 -0.4592979 0.8578081
370.000000 0.4591619 -0.5300073 -0.2329192 0.0469241 -0.2448201 -0.4875703 0.8367416
372.000000 0.4660301 -0.5391299 -0.1883259 0.0136053 -0.2564278 -0.5068871 0.8228762
374.000000 0.4830365 -0.5468209 -0.1461675 -0.0138004 -0.2669010 -0.5171052 0.8131271
379.000000 0.5486234 -0.5732055 -0.0488898 -0.0723161 -0.3282338 -0.4653185 0.8188478
382.000000 0.6072716 -0.5969005 -0.0001080 -0.0954011 -0.3585223 -0.4371831 0.8192871
385.000000 0.6759811 -0.6178985 0.0410111 -0.0966269 -0.3836235 -0.4072642 0.8231842
388.000000 0.7489321 -0.6377089 0.0857061 -0.0990005 -0.4112629 -0.3754421 0.8246847
395.000000 0.9300163 -0.6565070 0.2006955 -0.0643469 -0.4349289 -0.3257834 0.8369955
403.000000 1.1154701 -0.6401733 0.2510709 -0.0823240 -0.4482583 -0.3331778 0.8253967
406.000000 1.1789236 -0.6798714 0.2714373 -0.0724158 -0.4466940 -0.3575228 0.8169442
408.000000 1.1995349 -0.7002019 0.2710952 -0.0707016 -0.4337584 -0.3713317 0.8179044
411.000000 1.2592229 -0.7189982 0.2845892 -0.0681808 -0.4465690 -0.3756124 0.8092236
413.000000 1.2936461 -0.7395186 0.3060166 -0.0696919 -0.4433061 -0.3784846 0.8095506
418.000000 1.3636119 -0.7875136 0.3638464 -0.0708413 -0.4426984 -0.4076546 0.7954982
420.000000 1.3849242 -0.8058774 0.3850778 -0.0589150 -0.4489149 -0.4155222 0.7888889
422.000000 1.4035237 -0.8213121 0.4044511 -0.0659846 -0.4564409 -0.4178930 0.7827344
424.000000 1.4262590 -0.8402765 0.4198102 -0.0716558 -0.4796863 -0.4152421 0.7696366
436.000000 1.5311750 -0.9491874 0.5265983 -0.0612008 -0.5381782 -0.4503496 0.7097915
438.000000 1.5518060 -0.9642671 0.5416030 -0.0696526 -0.5467232 -0.4560270 0.6987715
448.000000 1.5861571 -1.0616847 0.6324038 -0.0783585 -0.5840255 -0.4635547 0.6617335
452.000000 1.5541265 -1.0876186 0.6747428 -0.0662807 -0.6021816 -0.4546731 0.6528833
454.000000 1.5361305 -1.0927805 0.6973895 -0.0645525 -0.6164234 -0.4496101 0.6431997
458.000000 1.4767964 -1.1082716 0.7501016 -0.0575697 -0.6308207 -0.4490381 0.6301712
462.000000 1.4194522 -1.1240342 0.8044798 -0.0562864 -0.6409345 -0.4529118 0.6171756
470.000000 1.2810243 -1.2075526 0.8668683 -0.0723168 -0.6309707 -0.4555616 0.6237867
476.000000 1.1868374 -1.2646825 0.8463632 -0.0681936 -0.6275890 -0.4779489 0.6107754
478.000000 1.1574595 -1.2799728 0.8368116 -0.0653403 -0.6387159 -0.4760882 0.6009265
481.000000 1.1115444 -1.3007839 0.8238219 -0.0551577 -0.6487575 -0.4783491 0.5892822
483.000000 1.0943965 -1.3075745 0.8299838 -0.0508697 -0.6467278 -0.4827920 0.5882748
490.000000 1.0308225 -1.2987902 0.8341541 -0.0917565 -0.5984589 -0.5476621 0.5774894
493.000000 0.9977889 -1.2802131 0.8313900 -0.0915983 -0.5693775 -0.5747212 0.5806157
499.000000 0.9517366 -1.2458453 0.8668617 -0.0866894 -0.5328828 -0.6090809 0.5809831
501.000000 0.9448214 -1.2139939 0.8754556 -0.0748369 -0.5205097 -0.6189329 0.5834305
503.000000 0.9444562 -1.1911793 0.8951905 -0.0828861 -0.5195439 -0.6208486 0.5811636
506.000000 0.9337456 -1.1571014 0.9154777 -0.1019522 -0.5038054 -0.6321199 0.5798364
512.000000 0.9447298 -1.0645233 0.9427427 -0.1301900 -0.4785098 -0.6370673 0.5901052
514.000000 0.9548868 -1.0238332 0.9446017 -0.1384604 -0.4759993 -0.6341634 0.5933719
517.000000 0.9697161 -0.9743979 0.9355482 -0.1478654 -0.4766492 -0.6321178 0.5927634
520.000000 0.9892064 -0.9288508 0.9190868 -0.1550950 -0.4722592 -0.6313322 0.5952616
523.000000 1.0099344 -0.8848715 0.8956965 -0.1654893 -0.4679963 -0.6270794 0.6003035
526.000000 1.0255759 -0.8433558 0.8706105 -0.1820681 -0.4566063 -0.6271817 0.6041564
532.000000 1.0509721 -0.7735906 0.8137125 -0.1932817 -0.4559430 -0.6226286 0.6058810
535.000000 1.0553840 -0.7475542 0.7887553 -0.2006312 -0.4504977 -0.6197800 0.6104684
538.000000 1.0566487 -0.7202436 0.7662472 -0.2076493 -0.4467485 -0.6148409 0.6158475
541.000000 1.0562348 -0.6989427 0.7472034 -0.2089126 -0.4385640 -0.6072998 0.6286526
544.000000 1.0538970 -0.6838443 0.7249099 -0.2066986 -0.4462550 -0.5922237 0.6382815
550.000000 1.0350686 -0.6688241 0.6745200 -0.1822196 -0.4605407 -0.5606905 0.6635695
553.000000 1.0323992 -0.6640133 0.6572269 -0.1805547 -0.4581784 -0.5457585 0.6779530
557.000000 1.0250392 -0.6610098 0.6413611 -0.1783297 -0.4480059 -0.5365409 0.6925411
560.000000 1.0221510 -0.6540635 0.6235831 -0.1746731 -0.4398728 -0.5236570 0.7083675
564.000000 1.0214725 -0.6540005 0.6084863 -0.1792981 -0.4324099 -0.5154195 0.7177859
567.000000 1.0233357 -0.6544938 0.5967760 -0.1742577 -0.4215710 -0.5085982 0.7302329
570.000000 1.0279413 -0.6547750 0.5903000 -0.1764134 -0.4076656 -0.4966730 0.7456561
