210.000000 0.0000000 0.0000000 0.0000000 0.0000000 0.0000000 0.0000000 1.0000000
211.000000 -0.0201541 0.0046258 -0.0034547 0.0005177 0.0018865 -0.0026872 0.9999945
212.000000 -0.0411069 0.0094591 -0.0063167 -0.0025807 0.0036940 -0.0051915 0.9999764
214.000000 -0.0787446 0.0049203 -0.0075957 -0.0129449 0.0027411 -0.0011678 0.9999118
218.000000 -0.1488888 -0.0036263 -0.0063208 -0.0225669 0.0092534 0.0102037 0.9996504
219.000000 -0.1717458 -0.0070348 -0.0085672 -0.0241279 0.0086532 0.0166849 0.9995322
220.000000 -0.1874944 -0.0150600 -0.0066404 -0.0267381 0.0006902 0.0287756 0.9992280
228.000000 -0.2615584 -0.0454705 0.0337852 -0.0172236 0.0325735 0.0571263 0.9976868
232.000000 -0.2969029 -0.0589434 0.0507247 -0.0169530 0.0917662 0.0802572 0.9923962
233.000000 -0.3084199 -0.0675993 0.0566307 -0.0207121 0.1059400 0.0831510 0.9906733
239.000000 -0.3754897 -0.0867459 0.0897735 -0.0215811 0.1573655 0.0807628 0.9839958
241.000000 -0.3988433 -0.0900091 0.1043993 -0.0241940 0.1673554 0.0751847 0.9827279
249.000000 -0.4676164 -0.1371799 0.1732596 -0.0369112 0.1955715 0.0673666 0.9776764
259.000000 -0.4938273 -0.1829303 0.2500631 -0.0351532 0.2046415 0.0343800 0.9776012
261.000000 -0.4902650 -0.1960144 0.2613411 -0.0444570 0.2074841 0.0358557 0.9765697
263.000000 -0.4781116 -0.1991149 0.2585181 -0.0388102 0.2048016 0.0312454 0.9775345
268.000000 -0.4479368 -0.1976572 0.2542193 -0.0390246 0.2262753 0.0372717 0.9725674
270.000000 -0.4259469 -0.1880785 0.2427911 -0.0404758 0.2288212 0.0440384 0.9716291
272.000000 -0.4041373 -0.1725741 0.2330552 -0.0377069 0.2368399 0.0567881 0.9691544
274.000000 -0.3875927 -0.1545175 0.2284102 -0.0474072 0.2433925 0.0780723 0.9656176
276.000000 -0.3631162 -0.1226176 0.2140986 -0.0467240 0.2543047 0.0876235 0.9620125
