210.000000 0.0000000 0.0000000 0.0000000 0.0000000 0.0000000 0.0000000 1.0000000
212.000000 -0.0421289 0.0088579 -0.0073212 -0.0030720 0.0039812 -0.0056022 0.9999717
218.000000 -0.1508241 -0.0040283 -0.0085199 -0.0227934 0.0092656 0.0098479 0.9996487
219.000000 -0.1736137 -0.0081115 -0.0111263 -0.0247967 0.0086551 0.0162643 0.9995227
220.000000 -0.1888061 -0.0156337 -0.0094092 -0.0271644 0.0004962 0.0278498 0.9992428
232.000000 -0.2980550 -0.0639232 0.0429451 -0.0191424 0.0899561 0.0811684 0.9924481
233.000000 -0.3096237 -0.0724523 0.0480929 -0.0228690 0.1039998 0.0837398 0.9907818
241.000000 -0.4041614 -0.0967872 0.0952314 -0.0269997 0.1661915 0.0761098 0.9827811
249.000000 -0.4748367 -0.1475196 0.1643099 -0.0408756 0.1943802 0.0689254 0.9776476
259.000000 -0.5023080 -0.1948871 0.2432963 -0.0396660 0.2036617 0.0359646 0.9775761
261.000000 -0.4983761 -0.2087295 0.2545038 -0.0492996 0.2062747 0.0375491 0.9765298
263.000000 -0.4863541 -0.2113029 0.2520853 -0.0432920 0.2037957 0.0329182 0.9775017
270.000000 -0.4319591 -0.1984777 0.2364707 -0.0443015 0.2275209 0.0452571 0.9717116
272.000000 -0.4106327 -0.1834169 0.2269798 -0.0418943 0.2360733 0.0578576 0.9691062
295.000000 -0.3379515 0.0212910 0.1434046 -0.1745478 0.2097067 0.0543430 0.9605222
298.000000 -0.3354665 0.0415328 0.1172837 -0.1712365 0.1940158 0.0200110 0.9657305
304.000000 -0.2710487 0.0741578 0.0379828 -0.1786015 0.1495013 -0.0191710 0.9723083
310.000000 -0.1966661 0.0770077 -0.0304457 -0.1606322 0.1054018 -0.0579855 0.9796557
314.000000 -0.1379858 0.0756040 -0.0693242 -0.1471209 0.0837619 -0.0825875 0.9820991
326.000000 0.0577324 0.0068265 -0.1308887 -0.1316361 0.0397758 -0.1037597 0.9850501
330.000000 0.1238764 -0.0470247 -0.1555526 -0.1176799 0.0303642 -0.1231464 0.9849185
332.000000 0.1504505 -0.0892477 -0.1693154 -0.1162379 0.0269643 -0.1437836 0.9823889
338.000000 0.2085239 -0.1876707 -0.2188670 -0.1027516 0.0040322 -0.1872693 0.9769115
340.000000 0.2171286 -0.2123766 -0.2386907 -0.0928706 0.0012267 -0.1997049 0.9754443
342.000000 0.2149104 -0.2441244 -0.2561077 -0.0847171 -0.0131980 -0.2033903 0.9753364
344.000000 0.2328261 -0.2511335 -0.2794868 -0.0733130 -0.0459039 -0.2033546 0.9752769
347.000000 0.2674168 -0.3034670 -0.2901515 -0.0822368 -0.0941810 -0.2141841 0.9687580
350.000000 0.3057528 -0.3510686 -0.3078985 -0.0746660 -0.1128475 -0.2369767 0.9620460
352.000000 0.3352601 -0.3784546 -0.3237054 -0.0689189 -0.1208101 -0.2494948 0.9583358
354.000000 0.3622815 -0.4511377 -0.3294150 -0.0741116 -0.1283673 -0.2697428 0.9514558
356.000000 0.3787696 -0.4897182 -0.3486013 -0.0455947 -0.1164944 -0.2872189 0.9496607
358.000000 0.3784877 -0.5164488 -0.3616494 -0.0043268 -0.1138105 -0.3125780 0.9430395
360.000000 0.3781099 -0.5224690 -0.3670821 0.0216320 -0.1281643 -0.3444319 0.9297702
362.000000 0.3889925 -0.5238398 -0.3661627 0.0345056 -0.1645379 -0.3645049 0.9159000
364.000000 0.4066198 -0.5576794 -0.3335188 0.0269562 -0.1987742 -0.4006525 0.8940021
366.000000 0.4161556 -0.5930843 -0.3076907 0.0377569 -0.2156454 -0.4296718 0.8760443
368.000000 0.4242540 -0.5837636 -0.2785563 0.0567105 -0.2279005 -0.4590261 0.8568199
370.000000 0.4765855 -0.5504131 -0.2295240 0.0454848 -0.2496258 -0.4865509 0.8359942
372.000000 0.4873129 -0.5609375 -0.1850750 0.0127018 -0.2625491 -0.5059906 0.8215109
