210.000000 0.0000000 0.0000000 0.0000000 0.0000000 0.0000000 0.0000000 1.0000000
212.000000 -0.0408821 0.0087159 -0.0069199 -0.0030657 0.0038418 -0.0057642 0.9999713
218.000000 -0.1465098 -0.0039604 -0.0086728 -0.0227861 0.0087370 0.0098797 0.9996533
219.000000 -0.1686339 -0.0076046 -0.0111865 -0.0246461 0.0080477 0.0161163 0.9995340
220.000000 -0.1833434 -0.0145936 -0.0094759 -0.0268943 -0.0001786 0.0275340 0.9992590
232.000000 -0.2893563 -0.0620769 0.0409240 -0.0189448 0.0886764 0.0811791 0.9925662
233.000000 -0.3003959 -0.0700437 0.0458797 -0.0224878 0.1025648 0.0837229 0.9909416
241.000000 -0.3926539 -0.0941616 0.0910007 -0.0267303 0.1644180 0.0761690 0.9830822
249.000000 -0.4616283 -0.1437010 0.1576220 -0.0404014 0.1921881 0.0690805 0.9780896
259.000000 -0.4888272 -0.1907976 0.2345969 -0.0393211 0.2014147 0.0364141 0.9780388
261.000000 -0.4850083 -0.2042425 0.2455260 -0.0488885 0.2040101 0.0379676 0.9770098
263.000000 -0.4731846 -0.2066836 0.2432617 -0.0428303 0.2015389 0.0333389 0.9779755
270.000000 -0.4196788 -0.1938506 0.2284344 -0.0438050 0.2252777 0.0457147 0.9722351
272.000000 -0.3993694 -0.1789771 0.2194317 -0.0413605 0.2341823 0.0581831 0.9695683
295.000000 -0.3288966 0.0206847 0.1389276 -0.1746968 0.2085913 0.0540788 0.9607529
298.000000 -0.3264638 0.0404579 0.1134695 -0.1713853 0.1929708 0.0197337 0.9659192
304.000000 -0.2634949 0.0724888 0.0364775 -0.1786123 0.1486424 -0.0194529 0.9724324
310.000000 -0.1911733 0.0749486 -0.0300404 -0.1608098 0.1048375 -0.0581737 0.9796761
314.000000 -0.1341659 0.0735460 -0.0676791 -0.1473427 0.0834546 -0.0828169 0.9820727
326.000000 0.0560420 0.0065938 -0.1277454 -0.1317075 0.0400431 -0.1038131 0.9850241
330.000000 0.1207047 -0.0459068 -0.1521008 -0.1176905 0.0305987 -0.1230612 0.9849206
332.000000 0.1465030 -0.0868295 -0.1655958 -0.1160807 0.0272685 -0.1438610 0.9823878
338.000000 0.2029188 -0.1825791 -0.2143386 -0.1024302 0.0045542 -0.1871415 0.9769675
340.000000 0.2113815 -0.2066710 -0.2338907 -0.0924834 0.0017048 -0.1996956 0.9754822
342.000000 0.2085162 -0.2380147 -0.2511983 -0.0844958 -0.0124587 -0.2034128 0.9753607
344.000000 0.2262987 -0.2434939 -0.2733080 -0.0725302 -0.0452272 -0.2035487 0.9753265
347.000000 0.2600549 -0.2937228 -0.2843032 -0.0811207 -0.0933007 -0.2143029 0.9689111
350.000000 0.2966643 -0.3395138 -0.3015639 -0.0733957 -0.1116069 -0.2371178 0.9622537
352.000000 0.3253928 -0.3649723 -0.3170761 -0.0671602 -0.1193603 -0.2495931 0.9586167
354.000000 0.3486549 -0.4336748 -0.3253874 -0.0718065 -0.1255159 -0.2697791 0.9520025
356.000000 0.3653793 -0.4721487 -0.3443246 -0.0433393 -0.1137888 -0.2871343 0.9501199
360.000000 0.3666782 -0.4985238 -0.3632166 0.0253343 -0.1252637 -0.3441314 0.9301832
362.000000 0.3768439 -0.5025106 -0.3627213 0.0374673 -0.1616196 -0.3646538 0.9162439
364.000000 0.3914138 -0.5331186 -0.3333081 0.0302583 -0.1944100 -0.4008865 0.8947509
368.000000 0.4086041 -0.5565299 -0.2801858 0.0601239 -0.2227013 -0.4592979 0.8578081
370.000000 0.4591619 -0.5300073 -0.2329192 0.0469241 -0.2448201 -0.4875703 0.8367416
372.000000 0.4660301 -0.5391299 -0.1883259 0.0136053 -0.2564278 -0.5068871 0.8228762
374.000000 0.4830365 -0.5468209 -0.1461675 -0.0138004 -0.2669010 -0.5171052 0.8131271
379.000000 0.5486234 -0.5732055 -0.0488898 -0.0723161 -0.3282338 -0.4653185 0.8188478
382.000000 0.6072716 -0.5969005 -0.0001080 -0.0954011 -0.3585223 -0.4371831 0.8192871
385.000000 0.6759811 -0.6178985 0.0410111 -0.0966269 -0.3836235 -0.4072642 0.8231842
388.000000 0.7489321 -0.6377089 0.0857061 -0.0990005 -0.4112629 -0.3754421 0.8246847
395.000000 0.9314128 -0.6579535 0.2011992 -0.0645694 -0.4353519 -0.3256609 0.8368061
403.000000 1.1158190 -0.6405070 0.2517046 -0.0824363 -0.4484825 -0.3330527 0.8253142
406.000000 1.1796696 -0.6807041 0.2721362 -0.0724823 -0.4469665 -0.3575721 0.8167677
408.000000 1.1998577 -0.7010423 0.2712346 -0.0708194 -0.4338784 -0.3713856 0.8178061
411.000000 1.2596521 -0.7202270 0.2847206 -0.0684024 -0.4466798 -0.3757118 0.8090976
413.000000 1.2943417 -0.7401901 0.3066408 -0.0698307 -0.4435238 -0.3783883 0.8094644
418.000000 1.3638942 -0.7880765 0.3643040 -0.0709527 -0.4428644 -0.4075930 0.7954274
420.000000 1.3852453 -0.8065612 0.3857696 -0.0590219 -0.4491415 -0.4154827 0.7887728
422.000000 1.4038684 -0.8220562 0.4050626 -0.0660782 -0.4566434 -0.4178853 0.7826126
424.000000 1.4265127 -0.8411477 0.4206534 -0.0717706 -0.4799201 -0.4152634 0.7694686
436.000000 1.5314000 -0.9502333 0.5271874 -0.0613190 -0.5383589 -0.4504029 0.7096103
438.000000 1.5520406 -0.9650840 0.5426437 -0.0697771 -0.5469664 -0.4559925 0.6985913
448.000000 1.5863197 -1.0627687 0.6331461 -0.0785434 -0.5841943 -0.4635691 0.6615524
452.000000 1.5542197 -1.0884707 0.6756489 -0.0664243 -0.6023781 -0.4546478 0.6527050
454.000000 1.5360231 -1.0940993 0.6984433 -0.0647573 -0.6166387 -0.4496693 0.6429313
458.000000 1.4766181 -1.1094488 0.7511854 -0.0577052 -0.6310269 -0.4491160 0.6298968
462.000000 1.4193463 -1.1249546 0.8053278 -0.0564457 -0.6411042 -0.4529115 0.6169850
470.000000 1.2807094 -1.2084390 0.8677297 -0.0724524 -0.6311381 -0.4555840 0.6235852
476.000000 1.1867917 -1.2655866 0.8471432 -0.0682554 -0.6277633 -0.4779773 0.6105671
478.000000 1.1570990 -1.2809161 0.8374600 -0.0654564 -0.6388556 -0.4761422 0.6007225
481.000000 1.1113651 -1.3014972 0.8246763 -0.0552121 -0.6489370 -0.4783469 0.5890810
483.000000 1.0941707 -1.3083341 0.8307819 -0.0509527 -0.6468996 -0.4827849 0.5880845
490.000000 1.0305122 -1.2996408 0.8345668 -0.0919085 -0.5985308 -0.5476831 0.5773707
493.000000 0.9975336 -1.2809749 0.8319085 -0.0917265 -0.5694804 -0.5747134 0.5805023
499.000000 0.9521866 -1.2457364 0.8680590 -0.0864269 -0.5332218 -0.6088356 0.5809683
501.000000 0.9451932 -1.2141074 0.8764262 -0.0746111 -0.5207883 -0.6187658 0.5833881
503.000000 0.9446603 -1.1912224 0.8957857 -0.0826392 -0.5196778 -0.6208107 0.5811194
506.000000 0.9338558 -1.1571510 0.9160190 -0.1017273 -0.5039343 -0.6320657 0.5798230
512.000000 0.9452417 -1.0647304 0.9435494 -0.1298221 -0.4788374 -0.6368347 0.5901716
514.000000 0.9554459 -1.0239875 0.9453340 -0.1380882 -0.4763007 -0.6339109 0.5934865
517.000000 0.9701674 -0.9747482 0.9363428 -0.1476190 -0.4770159 -0.6317779 0.5928922
520.000000 0.9896472 -0.9292460 0.9198498 -0.1548533 -0.4726468 -0.6310716 0.5952933
523.000000 1.0101950 -0.8849573 0.8966295 -0.1653098 -0.4683870 -0.6267905 0.6003498
526.000000 1.0260172 -0.8442309 0.8716084 -0.1820711 -0.4572471 -0.6268471 0.6040182
532.000000 1.0510458 -0.7746781 0.8149431 -0.1936646 -0.4565764 -0.6221949 0.6057273
535.000000 1.0555719 -0.7483360 0.7901024 -0.2010161 -0.4512289 -0.6190893 0.6105026
538.000000 1.0567133 -0.7211789 0.7680260 -0.2082047 -0.4476826 -0.6140317 0.6157891
541.000000 1.0560286 -0.6998749 0.7490966 -0.2095777 -0.4395416 -0.6065781 0.6284453
544.000000 1.0524962 -0.6847484 0.7271956 -0.2080285 -0.4470197 -0.5917854 0.6377206
547.000000 1.0428195 -0.6720636 0.6998740 -0.1910398 -0.4556865 -0.5792140 0.6483554
