210.000000 0.0000000 0.0000000 0.0000000 0.0000000 0.0000000 0.0000000 1.0000000
211.000000 -0.0207408 0.0042299 -0.0041504 0.0002433 0.0020119 -0.0027208 0.9999942
212.000000 -0.0420698 0.0087179 -0.0072657 -0.0030449 0.0039059 -0.0052784 0.9999738
218.000000 -0.1510815 -0.0043763 -0.0087475 -0.0228929 0.0092838 0.0102033 0.9996427
219.000000 -0.1738368 -0.0083993 -0.0114613 -0.0248133 0.0085905 0.0165912 0.9995175
220.000000 -0.1892446 -0.0165620 -0.0096190 -0.0274598 0.0005152 0.0285150 0.9992160
232.000000 -0.2988360 -0.0653253 0.0430213 -0.0197091 0.0902009 0.0816743 0.9923732
233.000000 -0.3107909 -0.0736682 0.0483923 -0.0233062 0.1044468 0.0840999 0.9906942
241.000000 -0.4055554 -0.0980902 0.0957840 -0.0274462 0.1667723 0.0765690 0.9826347
249.000000 -0.4764893 -0.1489708 0.1651903 -0.0413992 0.1950964 0.0693679 0.9774516
259.000000 -0.5039214 -0.1964410 0.2444740 -0.0402475 0.2044212 0.0364280 0.9773766
261.000000 -0.5000708 -0.2104653 0.2557288 -0.0499598 0.2070712 0.0380314 0.9763089
263.000000 -0.4878471 -0.2129670 0.2530712 -0.0439486 0.2044896 0.0333789 0.9773118
270.000000 -0.4333936 -0.1999271 0.2372446 -0.0448713 0.2281945 0.0457335 0.9715052
272.000000 -0.4118926 -0.1845590 0.2277133 -0.0423473 0.2366619 0.0583157 0.9689155
295.000000 -0.3388539 0.0208686 0.1437626 -0.1747235 0.2099080 0.0545219 0.9604362
298.000000 -0.3362491 0.0413530 0.1174763 -0.1712791 0.1940991 0.0201202 0.9657040
304.000000 -0.2715929 0.0739572 0.0379025 -0.1786696 0.1494821 -0.0189609 0.9723028
310.000000 -0.1972086 0.0766945 -0.0306514 -0.1608161 0.1054690 -0.0577930 0.9796298
314.000000 -0.1381855 0.0754984 -0.0695229 -0.1471948 0.0837462 -0.0824555 0.9821005
326.000000 0.0581478 0.0066863 -0.1308781 -0.1316569 0.0396073 -0.1035129 0.9850801
330.000000 0.1243662 -0.0463054 -0.1552007 -0.1173072 0.0301638 -0.1230943 0.9849756
332.000000 0.1509929 -0.0874911 -0.1684159 -0.1153306 0.0269587 -0.1437085 0.9825070
336.000000 0.1907445 -0.1488913 -0.2007390 -0.1034936 0.0119960 -0.1697603 0.9799625
338.000000 0.2094063 -0.1856434 -0.2181826 -0.1017949 0.0039231 -0.1869971 0.9770642
340.000000 0.2178800 -0.2103345 -0.2377855 -0.0919697 0.0011986 -0.1994309 0.9755857
342.000000 0.2162750 -0.2422574 -0.2555652 -0.0838354 -0.0135362 -0.2028878 0.9755127
344.000000 0.2325071 -0.2514787 -0.2795482 -0.0735529 -0.0457721 -0.2033425 0.9752675
347.000000 0.2688800 -0.3023571 -0.2890812 -0.0817377 -0.0946502 -0.2142238 0.9687458
350.000000 0.3067375 -0.3483191 -0.3066085 -0.0736034 -0.1128340 -0.2368165 0.9621689
