210.000000 0.0000000 0.0000000 0.0000000 0.0000000 0.0000000 0.0000000 1.0000000
212.000000 -0.0408821 0.0087159 -0.0069199 -0.0030657 0.0038418 -0.0057642 0.9999713
218.000000 -0.1465098 -0.0039604 -0.0086728 -0.0227861 0.0087370 0.0098797 0.9996533
219.000000 -0.1686339 -0.0076046 -0.0111865 -0.0246461 0.0080477 0.0161163 0.9995340
220.000000 -0.1833434 -0.0145936 -0.0094759 -0.0268943 -0.0001786 0.0275340 0.9992590
232.000000 -0.2893563 -0.0620769 0.0409240 -0.0189448 0.0886764 0.0811791 0.9925662
233.000000 -0.3003959 -0.0700437 0.0458797 -0.0224878 0.1025648 0.0837229 0.9909416
241.000000 -0.3926539 -0.0941616 0.0910007 -0.0267303 0.1644180 0.0761690 0.9830822
249.000000 -0.4616283 -0.1437010 0.1576220 -0.0404014 0.1921881 0.0690805 0.9780896
259.000000 -0.4888272 -0.1907976 0.2345969 -0.0393211 0.2014147 0.0364141 0.9780388
261.000000 -0.4850083 -0.2042425 0.2455260 -0.0488885 0.2040101 0.0379676 0.9770098
263.000000 -0.4731846 -0.2066836 0.2432617 -0.0428303 0.2015389 0.0333389 0.9779755
270.000000 -0.4196788 -0.1938506 0.2284344 -0.0438050 0.2252777 0.0457147 0.9722351
272.000000 -0.3993694 -0.1789771 0.2194317 -0.0413605 0.2341823 0.0581831 0.9695683
295.000000 -0.3288966 0.0206847 0.1389276 -0.1746968 0.2085913 0.0540788 0.9607529
298.000000 -0.3264638 0.0404579 0.1134695 -0.1713853 0.1929708 0.0197337 0.9659192
304.000000 -0.2634949 0.0724888 0.0364775 -0.1786123 0.1486424 -0.0194529 0.9724324
310.000000 -0.1911733 0.0749486 -0.0300404 -0.1608098 0.1048375 -0.0581737 0.9796761
314.000000 -0.1341659 0.0735460 -0.0676791 -0.1473427 0.0834546 -0.0828169 0.9820727
326.000000 0.0560420 0.0065938 -0.1277454 -0.1317075 0.0400431 -0.1038131 0.9850241
330.000000 0.1207047 -0.0459068 -0.1521008 -0.1176905 0.0305987 -0.1230612 0.9849206
332.000000 0.1465030 -0.0868295 -0.1655958 -0.1160807 0.0272685 -0.1438610 0.9823878
338.000000 0.2029188 -0.1825791 -0.2143386 -0.1024302 0.0045542 -0.1871415 0.9769675
340.000000 0.2113815 -0.2066710 -0.2338907 -0.0924834 0.0017048 -0.1996956 0.9754822
342.000000 0.2085162 -0.2380147 -0.2511983 -0.0844958 -0.0124587 -0.2034128 0.9753607
344.000000 0.2262987 -0.2434939 -0.2733080 -0.0725302 -0.0452272 -0.2035487 0.9753265
347.000000 0.2600549 -0.2937228 -0.2843032 -0.0811207 -0.0933007 -0.2143029 0.9689111
350.000000 0.2966643 -0.3395138 -0.3015639 -0.0733957 -0.1116069 -0.2371178 0.9622537
352.000000 0.3253928 -0.3649723 -0.3170761 -0.0671602 -0.1193603 -0.2495931 0.9586167
354.000000 0.3486549 -0.4336748 -0.3253874 -0.0718065 -0.1255159 -0.2697791 0.9520025
356.000000 0.3653793 -0.4721487 -0.3443246 -0.0433393 -0.1137888 -0.2871343 0.9501199
360.000000 0.3666782 -0.4985238 -0.3632166 0.0253343 -0.1252637 -0.3441314 0.9301832
362.000000 0.3768439 -0.5025106 -0.3627213 0.0374673 -0.1616196 -0.3646538 0.9162439
364.000000 0.3914305 -0.5331962 -0.3332938 0.0302348 -0.1944211 -0.4008782 0.8947530
366.000000 0.4000279 -0.5666288 -0.3093783 0.0412191 -0.2106235 -0.4301843 0.8768581
368.000000 0.4086041 -0.5565299 -0.2801858 0.0601239 -0.2227013 -0.4592979 0.8578081
370.000000 0.4591619 -0.5300073 -0.2329192 0.0469241 -0.2448201 -0.4875703 0.8367416
372.000000 0.4662184 -0.5392011 -0.1885559 0.0136212 -0.2564339 -0.5068935 0.8228700
374.000000 0.4831570 -0.5467601 -0.1461149 -0.0137544 -0.2669344 -0.5171030 0.8131183
379.000000 0.5476740 -0.5725619 -0.0497047 -0.0722225 -0.3277551 -0.4656164 0.8188784
382.000000 0.6060810 -0.5957742 -0.0010325 -0.0951007 -0.3579628 -0.4377105 0.8192851
385.000000 0.6752378 -0.6170925 0.0400714 -0.0963720 -0.3832065 -0.4075931 0.8232455
388.000000 0.7492260 -0.6373581 0.0854565 -0.0988130 -0.4112797 -0.3754779 0.8246826
391.000000 0.8206922 -0.6501795 0.1306894 -0.0934025 -0.4300305 -0.3467539 0.8283185
395.000000 0.9318955 -0.6588395 0.2008098 -0.0650571 -0.4353425 -0.3254291 0.8368634
398.000000 1.0096207 -0.6391423 0.2282022 -0.0456109 -0.4337249 -0.3225890 0.8400826
401.000000 1.0749612 -0.6360572 0.2434403 -0.0628400 -0.4387559 -0.3238934 0.8358454
403.000000 1.1182928 -0.6438195 0.2483130 -0.0836677 -0.4478546 -0.3322507 0.8258544
406.000000 1.1834927 -0.6843032 0.2712765 -0.0736741 -0.4472591 -0.3564609 0.8169866
408.000000 1.2045457 -0.7049466 0.2702201 -0.0720321 -0.4341842 -0.3701806 0.8180842
411.000000 1.2647376 -0.7248541 0.2847952 -0.0696747 -0.4472893 -0.3747112 0.8091163
413.000000 1.3001244 -0.7437350 0.3087730 -0.0707451 -0.4446762 -0.3774526 0.8091896
415.000000 1.3233116 -0.7700480 0.3348892 -0.0824201 -0.4400710 -0.3893827 0.8049382
418.000000 1.3709847 -0.7918335 0.3692196 -0.0719368 -0.4448046 -0.4061562 0.7949913
