210.000000 0.0000000 0.0000000 0.0000000 0.0000000 0.0000000 0.0000000 1.0000000
212.000000 -0.0408821 0.0087159 -0.0069199 -0.0030657 0.0038418 -0.0057642 0.9999713
218.000000 -0.1465098 -0.0039604 -0.0086728 -0.0227861 0.0087370 0.0098797 0.9996533
219.000000 -0.1686339 -0.0076046 -0.0111865 -0.0246461 0.0080477 0.0161163 0.9995340
220.000000 -0.1833434 -0.0145936 -0.0094759 -0.0268943 -0.0001786 0.0275340 0.9992590
232.000000 -0.2893563 -0.0620769 0.0409240 -0.0189448 0.0886764 0.0811791 0.9925662
233.000000 -0.3003959 -0.0700437 0.0458797 -0.0224878 0.1025648 0.0837229 0.9909416
241.000000 -0.3926539 -0.0941616 0.0910007 -0.0267303 0.1644180 0.0761690 0.9830822
249.000000 -0.4616283 -0.1437010 0.1576220 -0.0404014 0.1921881 0.0690805 0.9780896
259.000000 -0.4888272 -0.1907976 0.2345969 -0.0393211 0.2014147 0.0364141 0.9780388
261.000000 -0.4850083 -0.2042425 0.2455260 -0.0488885 0.2040101 0.0379676 0.9770098
263.000000 -0.4731846 -0.2066836 0.2432617 -0.0428303 0.2015389 0.0333389 0.9779755
270.000000 -0.4196788 -0.1938506 0.2284344 -0.0438050 0.2252777 0.0457147 0.9722351
272.000000 -0.3993694 -0.1789771 0.2194317 -0.0413605 0.2341823 0.0581831 0.9695683
295.000000 -0.3288966 0.0206847 0.1389276 -0.1746968 0.2085913 0.0540788 0.9607529
298.000000 -0.3264638 0.0404579 0.1134695 -0.1713853 0.1929708 0.0197337 0.9659192
304.000000 -0.2634949 0.0724888 0.0364775 -0.1786123 0.1486424 -0.0194529 0.9724324
310.000000 -0.1911733 0.0749486 -0.0300404 -0.1608098 0.1048375 -0.0581737 0.9796761
314.000000 -0.1341659 0.0735460 -0.0676791 -0.1473427 0.0834546 -0.0828169 0.9820727
326.000000 0.0560420 0.0065938 -0.1277454 -0.1317075 0.0400431 -0.1038131 0.9850241
330.000000 0.1207047 -0.0459068 -0.1521008 -0.1176905 0.0305987 -0.1230612 0.9849206
332.000000 0.1465030 -0.0868295 -0.1655958 -0.1160807 0.0272685 -0.1438610 0.9823878
338.000000 0.2029188 -0.1825791 -0.2143386 -0.1024302 0.0045542 -0.1871415 0.9769675
340.000000 0.2113815 -0.2066710 -0.2338907 -0.0924834 0.0017048 -0.1996956 0.9754822
342.000000 0.2085162 -0.2380147 -0.2511983 -0.0844958 -0.0124587 -0.2034128 0.9753607
344.000000 0.2262987 -0.2434939 -0.2733080 -0.0725302 -0.0452272 -0.2035487 0.9753265
347.000000 0.2600549 -0.2937228 -0.2843032 -0.0811207 -0.0933007 -0.2143029 0.9689111
350.000000 0.2966643 -0.3395138 -0.3015639 -0.0733957 -0.1116069 -0.2371178 0.9622537
352.000000 0.3253928 -0.3649723 -0.3170761 -0.0671602 -0.1193603 -0.2495931 0.9586167
354.000000 0.3486549 -0.4336748 -0.3253874 -0.0718065 -0.1255159 -0.2697791 0.9520025
356.000000 0.3653793 -0.4721487 -0.3443246 -0.0433393 -0.1137888 -0.2871343 0.9501199
360.000000 0.3666782 -0.4985238 -0.3632166 0.0253343 -0.1252637 -0.3441314 0.9301832
362.000000 0.3768439 -0.5025106 -0.3627213 0.0374673 -0.1616196 -0.3646538 0.9162439
364.000000 0.3914138 -0.5331186 -0.3333081 0.0302583 -0.1944100 -0.4008865 0.8947509
368.000000 0.4086041 -0.5565299 -0.2801858 0.0601239 -0.2227013 -0.4592979 0.8578081
370.000000 0.4591619 -0.5300073 -0.2329192 0.0469241 -0.2448201 -0.4875703 0.8367416
372.000000 0.4660301 -0.5391299 -0.1883259 0.0136053 -0.2564278 -0.5068871 0.8228762
374.000000 0.4830365 -0.5468209 -0.1461675 -0.0138004 -0.2669010 -0.5171052 0.8131271
379.000000 0.5478120 -0.5727652 -0.0496581 -0.0722533 -0.3278223 -0.4655675 0.8188766
382.000000 0.6062400 -0.5959952 -0.0008997 -0.0951677 -0.3579973 -0.4375853 0.8193291
385.000000 0.6750883 -0.6170836 0.0401041 -0.0963660 -0.3831343 -0.4076631 0.8232450
388.000000 0.7486972 -0.6371944 0.0853287 -0.0987897 -0.4110689 -0.3756246 0.8247237
391.000000 0.8202744 -0.6494977 0.1303270 -0.0930822 -0.4297993 -0.3469785 0.8283804
395.000000 0.9313297 -0.6583516 0.2002062 -0.0646980 -0.4350612 -0.3257124 0.8369274
403.000000 1.1162727 -0.6408432 0.2498280 -0.0825146 -0.4478119 -0.3330704 0.8256634
406.000000 1.1809094 -0.6818192 0.2711492 -0.0726542 -0.4468315 -0.3575498 0.8168361
408.000000 1.2016546 -0.7026160 0.2703571 -0.0710999 -0.4338282 -0.3712741 0.8178591
411.000000 1.2624540 -0.7227448 0.2845565 -0.0687530 -0.4469891 -0.3756803 0.8089117
413.000000 1.2967496 -0.7412864 0.3077604 -0.0698463 -0.4440103 -0.3782649 0.8092540
418.000000 1.3658791 -0.7887763 0.3675320 -0.0711326 -0.4438092 -0.4071944 0.7950888
420.000000 1.3869011 -0.8086823 0.3876079 -0.0595038 -0.4497086 -0.4154204 0.7884462
422.000000 1.4061660 -0.8243103 0.4068641 -0.0663020 -0.4572422 -0.4180069 0.7821789
424.000000 1.4288057 -0.8418223 0.4233256 -0.0716797 -0.4807222 -0.4150413 0.7690961
434.000000 1.5136371 -0.9354824 0.5168141 -0.0655084 -0.5282642 -0.4450081 0.7201481
436.000000 1.5325580 -0.9509573 0.5335187 -0.0615325 -0.5399178 -0.4500291 0.7086440
438.000000 1.5530261 -0.9657955 0.5484252 -0.0699384 -0.5483299 -0.4557286 0.6976779
448.000000 1.5855632 -1.0587370 0.6434668 -0.0778420 -0.5863974 -0.4625967 0.6603658
452.000000 1.5528066 -1.0819933 0.6852592 -0.0652936 -0.6043605 -0.4536994 0.6516456
454.000000 1.5343306 -1.0875424 0.7088892 -0.0638140 -0.6188968 -0.4484645 0.6416963
458.000000 1.4737657 -1.1033365 0.7622316 -0.0570569 -0.6334441 -0.4480141 0.6283123
462.000000 1.4156795 -1.1169735 0.8172057 -0.0558054 -0.6437795 -0.4513401 0.6154070
464.000000 1.3773522 -1.1376153 0.8420515 -0.0613489 -0.6424435 -0.4526437 0.6153181
466.000000 1.3359948 -1.1604210 0.8600065 -0.0640694 -0.6394411 -0.4540548 0.6171259
468.000000 1.3143966 -1.1739564 0.8756447 -0.0639612 -0.6373864 -0.4504047 0.6219189
