210.000000 0.0000000 0.0000000 0.0000000 0.0000000 0.0000000 0.0000000 1.0000000
211.000000 -0.0210241 0.0050862 -0.0030987 0.0007422 0.0021575 -0.0025783 0.9999940
212.000000 -0.0435835 0.0105683 -0.0060449 -0.0020581 0.0045682 -0.0051143 0.9999744
214.000000 -0.0829747 0.0058323 -0.0066361 -0.0124863 0.0041926 -0.0011386 0.9999126
218.000000 -0.1567777 -0.0022054 -0.0032420 -0.0217267 0.0119851 0.0102580 0.9996395
219.000000 -0.1801217 -0.0054081 -0.0043893 -0.0231520 0.0115697 0.0166777 0.9995258
220.000000 -0.1963941 -0.0135220 -0.0024510 -0.0256980 0.0037549 0.0286634 0.9992517
224.000000 -0.2315473 -0.0296567 0.0210407 -0.0266355 -0.0042689 0.0514639 0.9983104
228.000000 -0.2728962 -0.0458771 0.0404644 -0.0168899 0.0366147 0.0571617 0.9975503
232.000000 -0.3094553 -0.0584017 0.0597884 -0.0160020 0.0964463 0.0798835 0.9919983
233.000000 -0.3217940 -0.0663209 0.0665653 -0.0193278 0.1110624 0.0827955 0.9901699
235.000000 -0.3436132 -0.0744232 0.0777679 -0.0182603 0.1340345 0.0845383 0.9871953
236.000000 -0.3570243 -0.0754591 0.0834585 -0.0152553 0.1443330 0.0833465 0.9858948
237.000000 -0.3721263 -0.0754342 0.0897546 -0.0151919 0.1525158 0.0837022 0.9846330
239.000000 -0.3894978 -0.0849287 0.1028549 -0.0199336 0.1629543 0.0803014 0.9831583
241.000000 -0.4124045 -0.0878003 0.1178197 -0.0222845 0.1728552 0.0750420 0.9818316
