210.000000 0.0000000 0.0000000 0.0000000 0.0000000 0.0000000 0.0000000 1.0000000
212.000000 -0.0422289 0.0086511 -0.0074588 -0.0031540 0.0039668 -0.0054970 0.9999720
218.000000 -0.1511795 -0.0040822 -0.0085636 -0.0227911 0.0093183 0.0099149 0.9996477
219.000000 -0.1738105 -0.0080693 -0.0109868 -0.0247447 0.0086196 0.0162990 0.9995238
220.000000 -0.1890694 -0.0154872 -0.0091611 -0.0270599 0.0005001 0.0277928 0.9992473
232.000000 -0.2988422 -0.0641507 0.0432292 -0.0191772 0.0901477 0.0812021 0.9924272
233.000000 -0.3104024 -0.0725765 0.0484874 -0.0228592 0.1041990 0.0837201 0.9907628
241.000000 -0.4050288 -0.0971299 0.0956904 -0.0270906 0.1663838 0.0761573 0.9827424
249.000000 -0.4758565 -0.1477939 0.1650030 -0.0408951 0.1946248 0.0689274 0.9775980
259.000000 -0.5032949 -0.1951038 0.2440812 -0.0396334 0.2038926 0.0359667 0.9775292
261.000000 -0.4993822 -0.2090644 0.2552970 -0.0493162 0.2065156 0.0375824 0.9764767
263.000000 -0.4873022 -0.2116787 0.2527060 -0.0433375 0.2040004 0.0329267 0.9774567
270.000000 -0.4327991 -0.1987012 0.2370390 -0.0442717 0.2276874 0.0452731 0.9716732
272.000000 -0.4114842 -0.1836839 0.2276536 -0.0418962 0.2362783 0.0578594 0.9690560
295.000000 -0.3388110 0.0211956 0.1439105 -0.1745852 0.2099252 0.0544248 0.9604631
298.000000 -0.3362796 0.0415376 0.1177086 -0.1712350 0.1941950 0.0200747 0.9656935
304.000000 -0.2718741 0.0741200 0.0381336 -0.1786158 0.1496802 -0.0190045 0.9722813
310.000000 -0.1972320 0.0769739 -0.0304787 -0.1606994 0.1055081 -0.0578958 0.9796386
314.000000 -0.1383426 0.0755840 -0.0694162 -0.1471789 0.0838100 -0.0825049 0.9820933
326.000000 0.0577097 0.0067086 -0.1310786 -0.1316946 0.0398264 -0.1036940 0.9850472
330.000000 0.1239913 -0.0471774 -0.1557817 -0.1177143 0.0303946 -0.1231182 0.9849170
332.000000 0.1505207 -0.0892984 -0.1695407 -0.1161821 0.0270602 -0.1437711 0.9823947
338.000000 0.2087245 -0.1880034 -0.2192136 -0.1027626 0.0040850 -0.1872794 0.9769081
340.000000 0.2173792 -0.2127851 -0.2390907 -0.0928871 0.0012429 -0.1997276 0.9754380
342.000000 0.2147824 -0.2451011 -0.2566352 -0.0850050 -0.0130617 -0.2033998 0.9753113
344.000000 0.2331581 -0.2519800 -0.2800141 -0.0734854 -0.0459244 -0.2033080 0.9752726
347.000000 0.2681804 -0.3044019 -0.2906076 -0.0823766 -0.0943360 -0.2140763 0.9687549
350.000000 0.3066823 -0.3520905 -0.3082231 -0.0748199 -0.1130709 -0.2369424 0.9620162
352.000000 0.3363410 -0.3795367 -0.3239156 -0.0690639 -0.1210437 -0.2494227 0.9583146
354.000000 0.3636863 -0.4526570 -0.3292823 -0.0743785 -0.1287118 -0.2695032 0.9514563
356.000000 0.3808410 -0.4902226 -0.3477930 -0.0454451 -0.1169625 -0.2869970 0.9496775
358.000000 0.3794241 -0.5177001 -0.3623680 -0.0044019 -0.1138849 -0.3125327 0.9430451
360.000000 0.3797268 -0.5233428 -0.3670459 0.0215995 -0.1284554 -0.3441123 0.9298491
362.000000 0.3905813 -0.5259724 -0.3653903 0.0341720 -0.1649699 -0.3641475 0.9159769
364.000000 0.4084399 -0.5600639 -0.3334574 0.0266211 -0.1992703 -0.4002274 0.8940921
366.000000 0.4177815 -0.5957769 -0.3074892 0.0372846 -0.2161512 -0.4292413 0.8761509
368.000000 0.4274477 -0.5848592 -0.2766838 0.0569003 -0.2287499 -0.4584228 0.8569040
370.000000 0.4776465 -0.5504034 -0.2283164 0.0458446 -0.2497776 -0.4863621 0.8360391
