210.000000 0.0000000 0.0000000 0.0000000 0.0000000 0.0000000 0.0000000 1.0000000
212.000000 -0.0408821 0.0087159 -0.0069199 -0.0030657 0.0038418 -0.0057642 0.9999713
218.000000 -0.1465098 -0.0039604 -0.0086728 -0.0227861 0.0087370 0.0098797 0.9996533
219.000000 -0.1686339 -0.0076046 -0.0111865 -0.0246461 0.0080477 0.0161163 0.9995340
220.000000 -0.1833434 -0.0145936 -0.0094759 -0.0268943 -0.0001786 0.0275340 0.9992590
232.000000 -0.2893563 -0.0620769 0.0409240 -0.0189448 0.0886764 0.0811791 0.9925662
233.000000 -0.3003959 -0.0700437 0.0458797 -0.0224878 0.1025648 0.0837229 0.9909416
241.000000 -0.3926539 -0.0941616 0.0910007 -0.0267303 0.1644180 0.0761690 0.9830822
249.000000 -0.4616283 -0.1437010 0.1576220 -0.0404014 0.1921881 0.0690805 0.9780896
259.000000 -0.4888272 -0.1907976 0.2345969 -0.0393211 0.2014147 0.0364141 0.9780388
261.000000 -0.4850083 -0.2042425 0.2455260 -0.0488885 0.2040101 0.0379676 0.9770098
263.000000 -0.4731846 -0.2066836 0.2432617 -0.0428303 0.2015389 0.0333389 0.9779755
270.000000 -0.4196788 -0.1938506 0.2284344 -0.0438050 0.2252777 0.0457147 0.9722351
272.000000 -0.3993694 -0.1789771 0.2194317 -0.0413605 0.2341823 0.0581831 0.9695683
295.000000 -0.3288966 0.0206847 0.1389276 -0.1746968 0.2085913 0.0540788 0.9607529
298.000000 -0.3264638 0.0404579 0.1134695 -0.1713853 0.1929708 0.0197337 0.9659192
304.000000 -0.2634949 0.0724888 0.0364775 -0.1786123 0.1486424 -0.0194529 0.9724324
310.000000 -0.1911733 0.0749486 -0.0300404 -0.1608098 0.1048375 -0.0581737 0.9796761
314.000000 -0.1341659 0.0735460 -0.0676791 -0.1473427 0.0834546 -0.0828169 0.9820727
326.000000 0.0560420 0.0065938 -0.1277454 -0.1317075 0.0400431 -0.1038131 0.9850241
330.000000 0.1207047 -0.0459068 -0.1521008 -0.1176905 0.0305987 -0.1230612 0.9849206
332.000000 0.1465030 -0.0868295 -0.1655958 -0.1160807 0.0272685 -0.1438610 0.9823878
338.000000 0.2029188 -0.1825791 -0.2143386 -0.1024302 0.0045542 -0.1871415 0.9769675
340.000000 0.2113815 -0.2066710 -0.2338907 -0.0924834 0.0017048 -0.1996956 0.9754822
342.000000 0.2085162 -0.2380147 -0.2511983 -0.0844958 -0.0124587 -0.2034128 0.9753607
344.000000 0.2262987 -0.2434939 -0.2733080 -0.0725302 -0.0452272 -0.2035487 0.9753265
347.000000 0.2600549 -0.2937228 -0.2843032 -0.0811207 -0.0933007 -0.2143029 0.9689111
350.000000 0.2966643 -0.3395138 -0.3015639 -0.0733957 -0.1116069 -0.2371178 0.9622537
352.000000 0.3253928 -0.3649723 -0.3170761 -0.0671602 -0.1193603 -0.2495931 0.9586167
354.000000 0.3486549 -0.4336748 -0.3253874 -0.0718065 -0.1255159 -0.2697791 0.9520025
356.000000 0.3653793 -0.4721487 -0.3443246 -0.0433393 -0.1137888 -0.2871343 0.9501199
360.000000 0.3666782 -0.4985238 -0.3632166 0.0253343 -0.1252637 -0.3441314 0.9301832
362.000000 0.3768439 -0.5025106 -0.3627213 0.0374673 -0.1616196 -0.3646538 0.9162439
364.000000 0.3914138 -0.5331186 -0.3333081 0.0302583 -0.1944100 -0.4008865 0.8947509
368.000000 0.4086041 -0.5565299 -0.2801858 0.0601239 -0.2227013 -0.4592979 0.8578081
370.000000 0.4591619 -0.5300073 -0.2329192 0.0469241 -0.2448201 -0.4875703 0.8367416
372.000000 0.4660301 -0.5391299 -0.1883259 0.0136053 -0.2564278 -0.5068871 0.8228762
374.000000 0.4830365 -0.5468209 -0.1461675 -0.0138004 -0.2669010 -0.5171052 0.8131271
379.000000 0.5486234 -0.5732055 -0.0488898 -0.0723161 -0.3282338 -0.4653185 0.8188478
382.000000 0.6072716 -0.5969005 -0.0001080 -0.0954011 -0.3585223 -0.4371831 0.8192871
385.000000 0.6759811 -0.6178985 0.0410111 -0.0966269 -0.3836235 -0.4072642 0.8231842
388.000000 0.7489321 -0.6377089 0.0857061 -0.0990005 -0.4112629 -0.3754421 0.8246847
395.000000 0.9314128 -0.6579535 0.2011992 -0.0645694 -0.4353519 -0.3256609 0.8368061
403.000000 1.1159444 -0.6407595 0.2515686 -0.0825004 -0.4484496 -0.3330778 0.8253156
406.000000 1.1796050 -0.6804253 0.2724270 -0.0724619 -0.4469936 -0.3575098 0.8167819
408.000000 1.1998541 -0.7010579 0.2711263 -0.0708849 -0.4338187 -0.3713468 0.8178498
411.000000 1.2600737 -0.7206422 0.2846022 -0.0684686 -0.4466791 -0.3757408 0.8090789
413.000000 1.2944454 -0.7401389 0.3066265 -0.0698103 -0.4435003 -0.3784233 0.8094627
418.000000 1.3640654 -0.7880524 0.3646473 -0.0709550 -0.4429456 -0.4075318 0.7954134
420.000000 1.3853346 -0.8064901 0.3861901 -0.0590521 -0.4492191 -0.4153858 0.7887774
422.000000 1.4041450 -0.8224455 0.4052486 -0.0662295 -0.4567019 -0.4177814 0.7826211
424.000000 1.4268570 -0.8411332 0.4209545 -0.0718273 -0.4799945 -0.4151040 0.7695029
436.000000 1.5317338 -0.9504519 0.5282074 -0.0614238 -0.5385835 -0.4502408 0.7095338
438.000000 1.5524075 -0.9652154 0.5433863 -0.0698274 -0.5471309 -0.4558493 0.6985509
448.000000 1.5864409 -1.0633059 0.6340030 -0.0787235 -0.5843431 -0.4634910 0.6614544
452.000000 1.5543041 -1.0891054 0.6764979 -0.0666289 -0.6025351 -0.4545810 0.6525857
454.000000 1.5360504 -1.0944788 0.6994789 -0.0649403 -0.6168233 -0.4495650 0.6428088
458.000000 1.4764841 -1.1099808 0.7522500 -0.0579610 -0.6312003 -0.4489989 0.6297831
462.000000 1.4191092 -1.1252372 0.8064666 -0.0566536 -0.6412857 -0.4527954 0.6168625
470.000000 1.2812934 -1.2089115 0.8682591 -0.0725345 -0.6312037 -0.4554870 0.6235803
476.000000 1.1873722 -1.2659377 0.8478074 -0.0683039 -0.6278565 -0.4778591 0.6105583
478.000000 1.1576843 -1.2813115 0.8382993 -0.0654772 -0.6389800 -0.4760343 0.6006736
481.000000 1.1120570 -1.3016566 0.8254657 -0.0551856 -0.6490648 -0.4782091 0.5890548
483.000000 1.0950439 -1.3085644 0.8313999 -0.0508821 -0.6470028 -0.4826606 0.5880792
490.000000 1.0311553 -1.2998786 0.8357514 -0.0919429 -0.5987906 -0.5474318 0.5773341
493.000000 0.9984566 -1.2811422 0.8327578 -0.0916548 -0.5696552 -0.5744904 0.5805627
499.000000 0.9531379 -1.2452829 0.8687033 -0.0862379 -0.5333083 -0.6085569 0.5812089
501.000000 0.9460179 -1.2136242 0.8769664 -0.0744114 -0.5208299 -0.6185579 0.5835969
503.000000 0.9454393 -1.1906630 0.8961460 -0.0824473 -0.5196260 -0.6206788 0.5813338
506.000000 0.9348076 -1.1562634 0.9165010 -0.1014038 -0.5039480 -0.6318055 0.5801513
512.000000 0.9470795 -1.0633421 0.9440143 -0.1290696 -0.4789630 -0.6361682 0.5909530
514.000000 0.9568349 -1.0228996 0.9458683 -0.1376465 -0.4764196 -0.6332405 0.5942089
517.000000 0.9719197 -0.9732401 0.9369795 -0.1469060 -0.4772547 -0.6308556 0.5938585
520.000000 0.9911377 -0.9273777 0.9206263 -0.1541297 -0.4728816 -0.6301315 0.5962897
523.000000 1.0108447 -0.8839376 0.8976275 -0.1650124 -0.4686660 -0.6261220 0.6009113
526.000000 1.0268352 -0.8435544 0.8730912 -0.1817949 -0.4578877 -0.6260179 0.6044759
529.000000 1.0431000 -0.8034098 0.8456489 -0.1917226 -0.4550699 -0.6229959 0.6066548
532.000000 1.0511538 -0.7747322 0.8166659 -0.1937212 -0.4572468 -0.6216010 0.6058133
535.000000 1.0553685 -0.7495160 0.7921349 -0.2015947 -0.4521311 -0.6186556 0.6100838
538.000000 1.0572327 -0.7224049 0.7699410 -0.2085366 -0.4487994 -0.6131910 0.6157016
