210.000000 0.0000000 0.0000000 0.0000000 0.0000000 0.0000000 0.0000000 1.0000000
212.000000 -0.0408821 0.0087159 -0.0069199 -0.0030657 0.0038418 -0.0057642 0.9999713
218.000000 -0.1465098 -0.0039604 -0.0086728 -0.0227861 0.0087370 0.0098797 0.9996533
219.000000 -0.1686339 -0.0076046 -0.0111865 -0.0246461 0.0080477 0.0161163 0.9995340
220.000000 -0.1833434 -0.0145936 -0.0094759 -0.0268943 -0.0001786 0.0275340 0.9992590
232.000000 -0.2893563 -0.0620769 0.0409240 -0.0189448 0.0886764 0.0811791 0.9925662
233.000000 -0.3003959 -0.0700437 0.0458797 -0.0224878 0.1025648 0.0837229 0.9909416
241.000000 -0.3926539 -0.0941616 0.0910007 -0.0267303 0.1644180 0.0761690 0.9830822
249.000000 -0.4616283 -0.1437010 0.1576220 -0.0404014 0.1921881 0.0690805 0.9780896
259.000000 -0.4888272 -0.1907976 0.2345969 -0.0393211 0.2014147 0.0364141 0.9780388
261.000000 -0.4850083 -0.2042425 0.2455260 -0.0488885 0.2040101 0.0379676 0.9770098
263.000000 -0.4731846 -0.2066836 0.2432617 -0.0428303 0.2015389 0.0333389 0.9779755
270.000000 -0.4196788 -0.1938506 0.2284344 -0.0438050 0.2252777 0.0457147 0.9722351
272.000000 -0.3993694 -0.1789771 0.2194317 -0.0413605 0.2341823 0.0581831 0.9695683
295.000000 -0.3288966 0.0206847 0.1389276 -0.1746968 0.2085913 0.0540788 0.9607529
298.000000 -0.3264638 0.0404579 0.1134695 -0.1713853 0.1929708 0.0197337 0.9659192
304.000000 -0.2634949 0.0724888 0.0364775 -0.1786123 0.1486424 -0.0194529 0.9724324
310.000000 -0.1911733 0.0749486 -0.0300404 -0.1608098 0.1048375 -0.0581737 0.9796761
314.000000 -0.1341659 0.0735460 -0.0676791 -0.1473427 0.0834546 -0.0828169 0.9820727
326.000000 0.0560420 0.0065938 -0.1277454 -0.1317075 0.0400431 -0.1038131 0.9850241
330.000000 0.1207047 -0.0459068 -0.1521008 -0.1176905 0.0305987 -0.1230612 0.9849206
332.000000 0.1465030 -0.0868295 -0.1655958 -0.1160807 0.0272685 -0.1438610 0.9823878
338.000000 0.2029188 -0.1825791 -0.2143386 -0.1024302 0.0045542 -0.1871415 0.9769675
340.000000 0.2113815 -0.2066710 -0.2338907 -0.0924834 0.0017048 -0.1996956 0.9754822
342.000000 0.2085162 -0.2380147 -0.2511983 -0.0844958 -0.0124587 -0.2034128 0.9753607
344.000000 0.2262987 -0.2434939 -0.2733080 -0.0725302 -0.0452272 -0.2035487 0.9753265
347.000000 0.2600549 -0.2937228 -0.2843032 -0.0811207 -0.0933007 -0.2143029 0.9689111
350.000000 0.2966643 -0.3395138 -0.3015639 -0.0733957 -0.1116069 -0.2371178 0.9622537
352.000000 0.3253928 -0.3649723 -0.3170761 -0.0671602 -0.1193603 -0.2495931 0.9586167
354.000000 0.3486549 -0.4336748 -0.3253874 -0.0718065 -0.1255159 -0.2697791 0.9520025
356.000000 0.3653793 -0.4721487 -0.3443246 -0.0433393 -0.1137888 -0.2871343 0.9501199
360.000000 0.3666782 -0.4985238 -0.3632166 0.0253343 -0.1252637 -0.3441314 0.9301832
362.000000 0.3768439 -0.5025106 -0.3627213 0.0374673 -0.1616196 -0.3646538 0.9162439
364.000000 0.3914138 -0.5331186 -0.3333081 0.0302583 -0.1944100 -0.4008865 0.8947509
368.000000 0.4086041 -0.5565299 -0.2801858 0.0601239 -0.2227013 -0.4592979 0.8578081
370.000000 0.4591619 -0.5300073 -0.2329192 0.0469241 -0.2448201 -0.4875703 0.8367416
372.000000 0.4660301 -0.5391299 -0.1883259 0.0136053 -0.2564278 -0.5068871 0.8228762
374.000000 0.4830365 -0.5468209 -0.1461675 -0.0138004 -0.2669010 -0.5171052 0.8131271
379.000000 0.5486234 -0.5732055 -0.0488898 -0.0723161 -0.3282338 -0.4653185 0.8188478
382.000000 0.6072716 -0.5969005 -0.0001080 -0.0954011 -0.3585223 -0.4371831 0.8192871
385.000000 0.6759811 -0.6178985 0.0410111 -0.0966269 -0.3836235 -0.4072642 0.8231842
388.000000 0.7489321 -0.6377089 0.0857061 -0.0990005 -0.4112629 -0.3754421 0.8246847
395.000000 0.9314128 -0.6579535 0.2011992 -0.0645694 -0.4353519 -0.3256609 0.8368061
403.000000 1.1158521 -0.6405306 0.2513440 -0.0824379 -0.4483708 -0.3330734 0.8253664
406.000000 1.1794875 -0.6804665 0.2719973 -0.0724834 -0.4468708 -0.3575440 0.8168322
408.000000 1.1999943 -0.7009546 0.2708129 -0.0708593 -0.4337572 -0.3713286 0.8178928
411.000000 1.2602642 -0.7207091 0.2843652 -0.0684488 -0.4466700 -0.3757443 0.8090840
413.000000 1.2941056 -0.7398977 0.3062518 -0.0697636 -0.4433658 -0.3784665 0.8095202
418.000000 1.3639486 -0.7875804 0.3649141 -0.0710693 -0.4430324 -0.4071648 0.7955428
420.000000 1.3851640 -0.8063735 0.3859125 -0.0591356 -0.4491567 -0.4152577 0.7888740
422.000000 1.4038055 -0.8224295 0.4044189 -0.0662630 -0.4564562 -0.4178668 0.7827160
424.000000 1.4266565 -0.8407488 0.4200456 -0.0717368 -0.4797511 -0.4151340 0.7696470
436.000000 1.5316179 -0.9502612 0.5273522 -0.0614435 -0.5383824 -0.4502499 0.7096789
438.000000 1.5520768 -0.9657885 0.5425177 -0.0700625 -0.5469392 -0.4559256 0.6986277
448.000000 1.5863791 -1.0641199 0.6331147 -0.0789555 -0.5841592 -0.4635670 0.6615359
452.000000 1.5543034 -1.0893734 0.6752667 -0.0667139 -0.6022605 -0.4547052 0.6527440
454.000000 1.5359926 -1.0948027 0.6987112 -0.0650676 -0.6166795 -0.4495921 0.6429149
458.000000 1.4763424 -1.1102515 0.7518415 -0.0580230 -0.6311219 -0.4490540 0.6298167
462.000000 1.4190730 -1.1256521 0.8060676 -0.0567385 -0.6412107 -0.4528446 0.6168966
470.000000 1.2813538 -1.2096361 0.8682747 -0.0726765 -0.6312138 -0.4555265 0.6235244
476.000000 1.1875050 -1.2663105 0.8480623 -0.0683666 -0.6279374 -0.4778346 0.6104873
478.000000 1.1576843 -1.2814556 0.8384764 -0.0654887 -0.6390352 -0.4760436 0.6006061
481.000000 1.1119814 -1.3018966 0.8255760 -0.0552434 -0.6490941 -0.4782212 0.5890072
483.000000 1.0948752 -1.3087689 0.8315540 -0.0509509 -0.6470383 -0.4826704 0.5880261
490.000000 1.0316024 -1.3001242 0.8358685 -0.0919039 -0.5988752 -0.5473891 0.5772932
493.000000 0.9993326 -1.2810701 0.8334694 -0.0914434 -0.5699342 -0.5743203 0.5804905
496.000000 0.9769973 -1.2616780 0.8500820 -0.0964741 -0.5572571 -0.5874950 0.5787978
499.000000 0.9548522 -1.2441895 0.8704897 -0.0856665 -0.5339999 -0.6079333 0.5813109
501.000000 0.9472127 -1.2128792 0.8773571 -0.0740302 -0.5210605 -0.6181968 0.5838221
503.000000 0.9461895 -1.1897517 0.8960862 -0.0820876 -0.5196409 -0.6204982 0.5815643
506.000000 0.9357945 -1.1555425 0.9173514 -0.1010773 -0.5043750 -0.6313711 0.5803101
510.000000 0.9421186 -1.0929450 0.9372905 -0.1152659 -0.4823786 -0.6355459 0.5916976
512.000000 0.9473167 -1.0626856 0.9437568 -0.1288418 -0.4789204 -0.6360053 0.5912126
514.000000 0.9569595 -1.0227065 0.9455715 -0.1374820 -0.4763418 -0.6332469 0.5943026
517.000000 0.9716296 -0.9736753 0.9368526 -0.1469239 -0.4772348 -0.6309915 0.5937255
520.000000 0.9908510 -0.9283364 0.9209994 -0.1541713 -0.4731126 -0.6302003 0.5960229
523.000000 1.0101476 -0.8853558 0.8985977 -0.1650322 -0.4691111 -0.6263215 0.6003503
