210.000000 0.0000000 0.0000000 0.0000000 0.0000000 0.0000000 0.0000000 1.0000000
212.000000 -0.0408821 0.0087159 -0.0069199 -0.0030657 0.0038418 -0.0057642 0.9999713
218.000000 -0.1465098 -0.0039604 -0.0086728 -0.0227861 0.0087370 0.0098797 0.9996533
219.000000 -0.1686339 -0.0076046 -0.0111865 -0.0246461 0.0080477 0.0161163 0.9995340
220.000000 -0.1833434 -0.0145936 -0.0094759 -0.0268943 -0.0001786 0.0275340 0.9992590
232.000000 -0.2893563 -0.0620769 0.0409240 -0.0189448 0.0886764 0.0811791 0.9925662
233.000000 -0.3003959 -0.0700437 0.0458797 -0.0224878 0.1025648 0.0837229 0.9909416
241.000000 -0.3926539 -0.0941616 0.0910007 -0.0267303 0.1644180 0.0761690 0.9830822
249.000000 -0.4616283 -0.1437010 0.1576220 -0.0404014 0.1921881 0.0690805 0.9780896
259.000000 -0.4888272 -0.1907976 0.2345969 -0.0393211 0.2014147 0.0364141 0.9780388
261.000000 -0.4850083 -0.2042425 0.2455260 -0.0488885 0.2040101 0.0379676 0.9770098
263.000000 -0.4731846 -0.2066836 0.2432617 -0.0428303 0.2015389 0.0333389 0.9779755
270.000000 -0.4196788 -0.1938506 0.2284344 -0.0438050 0.2252777 0.0457147 0.9722351
272.000000 -0.3993694 -0.1789771 0.2194317 -0.0413605 0.2341823 0.0581831 0.9695683
295.000000 -0.3288966 0.0206847 0.1389276 -0.1746968 0.2085913 0.0540788 0.9607529
298.000000 -0.3264638 0.0404579 0.1134695 -0.1713853 0.1929708 0.0197337 0.9659192
304.000000 -0.2634949 0.0724888 0.0364775 -0.1786123 0.1486424 -0.0194529 0.9724324
310.000000 -0.1911733 0.0749486 -0.0300404 -0.1608098 0.1048375 -0.0581737 0.9796761
314.000000 -0.1341659 0.0735460 -0.0676791 -0.1473427 0.0834546 -0.0828169 0.9820727
326.000000 0.0560420 0.0065938 -0.1277454 -0.1317075 0.0400431 -0.1038131 0.9850241
330.000000 0.1207047 -0.0459068 -0.1521008 -0.1176905 0.0305987 -0.1230612 0.9849206
332.000000 0.1465030 -0.0868295 -0.1655958 -0.1160807 0.0272685 -0.1438610 0.9823878
338.000000 0.2029188 -0.1825791 -0.2143386 -0.1024302 0.0045542 -0.1871415 0.9769675
340.000000 0.2113815 -0.2066710 -0.2338907 -0.0924834 0.0017048 -0.1996956 0.9754822
342.000000 0.2085162 -0.2380147 -0.2511983 -0.0844958 -0.0124587 -0.2034128 0.9753607
344.000000 0.2262987 -0.2434939 -0.2733080 -0.0725302 -0.0452272 -0.2035487 0.9753265
347.000000 0.2600549 -0.2937228 -0.2843032 -0.0811207 -0.0933007 -0.2143029 0.9689111
350.000000 0.2966643 -0.3395138 -0.3015639 -0.0733957 -0.1116069 -0.2371178 0.9622537
352.000000 0.3253928 -0.3649723 -0.3170761 -0.0671602 -0.1193603 -0.2495931 0.9586167
354.000000 0.3486549 -0.4336748 -0.3253874 -0.0718065 -0.1255159 -0.2697791 0.9520025
356.000000 0.3653793 -0.4721487 -0.3443246 -0.0433393 -0.1137888 -0.2871343 0.9501199
360.000000 0.3666782 -0.4985238 -0.3632166 0.0253343 -0.1252637 -0.3441314 0.9301832
362.000000 0.3768439 -0.5025106 -0.3627213 0.0374673 -0.1616196 -0.3646538 0.9162439
364.000000 0.3914138 -0.5331186 -0.3333081 0.0302583 -0.1944100 -0.4008865 0.8947509
368.000000 0.4086041 -0.5565299 -0.2801858 0.0601239 -0.2227013 -0.4592979 0.8578081
370.000000 0.4591619 -0.5300073 -0.2329192 0.0469241 -0.2448201 -0.4875703 0.8367416
372.000000 0.4660301 -0.5391299 -0.1883259 0.0136053 -0.2564278 -0.5068871 0.8228762
374.000000 0.4830365 -0.5468209 -0.1461675 -0.0138004 -0.2669010 -0.5171052 0.8131271
379.000000 0.5478120 -0.5727652 -0.0496581 -0.0722533 -0.3278223 -0.4655675 0.8188766
382.000000 0.6069187 -0.5966949 -0.0002896 -0.0953108 -0.3584202 -0.4374056 0.8192235
385.000000 0.6758730 -0.6177177 0.0407196 -0.0964892 -0.3835551 -0.4074570 0.8231367
388.000000 0.7495903 -0.6377027 0.0862238 -0.0988832 -0.4115402 -0.3754123 0.8245741
391.000000 0.8211989 -0.6499932 0.1314127 -0.0931793 -0.4303447 -0.3467578 0.8281788
395.000000 0.9323305 -0.6583524 0.2013830 -0.0644886 -0.4356408 -0.3256703 0.8366584
403.000000 1.1176301 -0.6408851 0.2514312 -0.0822685 -0.4485074 -0.3330970 0.8252996
406.000000 1.1823366 -0.6812915 0.2727985 -0.0721160 -0.4474416 -0.3575900 0.8165321
408.000000 1.2031943 -0.7023090 0.2718345 -0.0706663 -0.4343996 -0.3712416 0.8176081
411.000000 1.2641854 -0.7224485 0.2862476 -0.0682410 -0.4476474 -0.3756624 0.8085992
413.000000 1.2983196 -0.7413941 0.3091168 -0.0695374 -0.4445003 -0.3783039 0.8089933
418.000000 1.3678789 -0.7886175 0.3695480 -0.0705503 -0.4444954 -0.4071716 0.7947690
420.000000 1.3888758 -0.8083448 0.3898190 -0.0588748 -0.4503382 -0.4154073 0.7881409
422.000000 1.4077413 -0.8239979 0.4089055 -0.0657701 -0.4577427 -0.4180194 0.7819244
424.000000 1.4307239 -0.8416360 0.4258234 -0.0710543 -0.4814150 -0.4150969 0.7686907
434.000000 1.5155065 -0.9348893 0.5196387 -0.0646753 -0.5288920 -0.4450702 0.7197241
436.000000 1.5340794 -0.9502461 0.5361939 -0.0607239 -0.5404245 -0.4501476 0.7082521
438.000000 1.5545703 -0.9650333 0.5514312 -0.0690649 -0.5489131 -0.4558670 0.6972158
448.000000 1.5876145 -1.0585213 0.6468067 -0.0769509 -0.5870876 -0.4626878 0.6597930
452.000000 1.5546335 -1.0815879 0.6890651 -0.0645074 -0.6051688 -0.4535523 0.6510759
454.000000 1.5361255 -1.0875785 0.7118762 -0.0631504 -0.6194472 -0.4484279 0.6412563
458.000000 1.4757417 -1.1025361 0.7648372 -0.0560940 -0.6338872 -0.4478532 0.6280670
462.000000 1.4178841 -1.1162021 0.8191722 -0.0545272 -0.6440762 -0.4513708 0.6151887
468.000000 1.3164208 -1.1741936 0.8766094 -0.0626615 -0.6375666 -0.4506735 0.6216718
470.000000 1.2789199 -1.1992817 0.8832085 -0.0714339 -0.6347466 -0.4533526 0.6216634
472.000000 1.2429230 -1.2219768 0.8850883 -0.0727308 -0.6303499 -0.4615850 0.6199262
474.000000 1.2198941 -1.2376988 0.8797169 -0.0596271 -0.6338121 -0.4681706 0.6128157
476.000000 1.1847126 -1.2568775 0.8644192 -0.0677590 -0.6316399 -0.4755897 0.6084852
478.000000 1.1544387 -1.2716399 0.8543520 -0.0649877 -0.6425419 -0.4736335 0.5988220
481.000000 1.1085018 -1.2912107 0.8414511 -0.0547206 -0.6525664 -0.4756123 0.5873293
