210.000000 0.0000000 0.0000000 0.0000000 0.0000000 0.0000000 0.0000000 1.0000000
211.000000 -0.0203754 0.0047171 -0.0037029 0.0004938 0.0018840 -0.0027763 0.9999942
212.000000 -0.0415609 0.0090052 -0.0071101 -0.0029002 0.0037525 -0.0052831 0.9999748
218.000000 -0.1513148 -0.0043683 -0.0084712 -0.0229400 0.0097907 0.0102532 0.9996364
219.000000 -0.1735529 -0.0081655 -0.0110625 -0.0247457 0.0089056 0.0167357 0.9995140
220.000000 -0.1888401 -0.0161251 -0.0090801 -0.0273008 0.0008305 0.0285988 0.9992177
232.000000 -0.2982718 -0.0645624 0.0435121 -0.0195227 0.0908228 0.0816525 0.9923220
233.000000 -0.3100847 -0.0731639 0.0488556 -0.0232561 0.1050059 0.0841250 0.9906341
241.000000 -0.4040071 -0.0969480 0.0964317 -0.0272243 0.1672964 0.0765563 0.9825528
249.000000 -0.4743812 -0.1472551 0.1654184 -0.0410869 0.1955843 0.0691960 0.9773794
259.000000 -0.5014941 -0.1943085 0.2440741 -0.0398195 0.2048760 0.0362980 0.9773037
261.000000 -0.4974867 -0.2084608 0.2551547 -0.0496260 0.2074482 0.0379355 0.9762496
263.000000 -0.4855222 -0.2106444 0.2525929 -0.0434836 0.2049568 0.0333062 0.9772372
270.000000 -0.4315198 -0.1977814 0.2369245 -0.0444581 0.2287104 0.0456171 0.9714083
272.000000 -0.4100623 -0.1823746 0.2272864 -0.0418738 0.2371199 0.0582487 0.9688281
295.000000 -0.3365503 0.0225840 0.1436147 -0.1735405 0.2096988 0.0544159 0.9607024
298.000000 -0.3335742 0.0432429 0.1175450 -0.1699988 0.1937616 0.0198854 0.9660028
304.000000 -0.2693629 0.0755560 0.0382387 -0.1775149 0.1491583 -0.0191852 0.9725596
310.000000 -0.1950227 0.0778737 -0.0302848 -0.1598305 0.1049007 -0.0576580 0.9798600
312.000000 -0.1676347 0.0834462 -0.0566261 -0.1508765 0.0928883 -0.0748309 0.9813299
314.000000 -0.1360497 0.0765294 -0.0686093 -0.1463114 0.0830744 -0.0821485 0.9823152
320.000000 -0.0395221 0.0594195 -0.1048742 -0.1387564 0.0471435 -0.1001758 0.9841183
324.000000 0.0253013 0.0383837 -0.1200236 -0.1341081 0.0469655 -0.1026672 0.9845145
326.000000 0.0599020 0.0070901 -0.1299382 -0.1314071 0.0386218 -0.1037511 0.9851275
328.000000 0.0943096 -0.0146831 -0.1411742 -0.1294405 0.0326162 -0.1096856 0.9849622
330.000000 0.1259094 -0.0464778 -0.1543763 -0.1174187 0.0289367 -0.1233812 0.9849632
