210.000000 0.0000000 0.0000000 0.0000000 0.0000000 0.0000000 0.0000000 1.0000000
212.000000 -0.0408821 0.0087159 -0.0069199 -0.0030657 0.0038418 -0.0057642 0.9999713
218.000000 -0.1465098 -0.0039604 -0.0086728 -0.0227861 0.0087370 0.0098797 0.9996533
219.000000 -0.1686339 -0.0076046 -0.0111865 -0.0246461 0.0080477 0.0161163 0.9995340
220.000000 -0.1833434 -0.0145936 -0.0094759 -0.0268943 -0.0001786 0.0275340 0.9992590
232.000000 -0.2893563 -0.0620769 0.0409240 -0.0189448 0.0886764 0.0811791 0.9925662
233.000000 -0.3003959 -0.0700437 0.0458797 -0.0224878 0.1025648 0.0837229 0.9909416
241.000000 -0.3926539 -0.0941616 0.0910007 -0.0267303 0.1644180 0.0761690 0.9830822
249.000000 -0.4616283 -0.1437010 0.1576220 -0.0404014 0.1921881 0.0690805 0.9780896
259.000000 -0.4888272 -0.1907976 0.2345969 -0.0393211 0.2014147 0.0364141 0.9780388
261.000000 -0.4850083 -0.2042425 0.2455260 -0.0488885 0.2040101 0.0379676 0.9770098
263.000000 -0.4731846 -0.2066836 0.2432617 -0.0428303 0.2015389 0.0333389 0.9779755
270.000000 -0.4196788 -0.1938506 0.2284344 -0.0438050 0.2252777 0.0457147 0.9722351
272.000000 -0.3993694 -0.1789771 0.2194317 -0.0413605 0.2341823 0.0581831 0.9695683
295.000000 -0.3288966 0.0206847 0.1389276 -0.1746968 0.2085913 0.0540788 0.9607529
298.000000 -0.3264638 0.0404579 0.1134695 -0.1713853 0.1929708 0.0197337 0.9659192
304.000000 -0.2634949 0.0724888 0.0364775 -0.1786123 0.1486424 -0.0194529 0.9724324
310.000000 -0.1911733 0.0749486 -0.0300404 -0.1608098 0.1048375 -0.0581737 0.9796761
314.000000 -0.1341659 0.0735460 -0.0676791 -0.1473427 0.0834546 -0.0828169 0.9820727
326.000000 0.0560420 0.0065938 -0.1277454 -0.1317075 0.0400431 -0.1038131 0.9850241
330.000000 0.1207047 -0.0459068 -0.1521008 -0.1176905 0.0305987 -0.1230612 0.9849206
332.000000 0.1465030 -0.0868295 -0.1655958 -0.1160807 0.0272685 -0.1438610 0.9823878
338.000000 0.2029188 -0.1825791 -0.2143386 -0.1024302 0.0045542 -0.1871415 0.9769675
340.000000 0.2113815 -0.2066710 -0.2338907 -0.0924834 0.0017048 -0.1996956 0.9754822
342.000000 0.2085162 -0.2380147 -0.2511983 -0.0844958 -0.0124587 -0.2034128 0.9753607
344.000000 0.2262987 -0.2434939 -0.2733080 -0.0725302 -0.0452272 -0.2035487 0.9753265
347.000000 0.2600549 -0.2937228 -0.2843032 -0.0811207 -0.0933007 -0.2143029 0.9689111
350.000000 0.2966643 -0.3395138 -0.3015639 -0.0733957 -0.1116069 -0.2371178 0.9622537
352.000000 0.3253928 -0.3649723 -0.3170761 -0.0671602 -0.1193603 -0.2495931 0.9586167
354.000000 0.3486549 -0.4336748 -0.3253874 -0.0718065 -0.1255159 -0.2697791 0.9520025
356.000000 0.3653793 -0.4721487 -0.3443246 -0.0433393 -0.1137888 -0.2871343 0.9501199
360.000000 0.3666782 -0.4985238 -0.3632166 0.0253343 -0.1252637 -0.3441314 0.9301832
362.000000 0.3768439 -0.5025106 -0.3627213 0.0374673 -0.1616196 -0.3646538 0.9162439
364.000000 0.3914138 -0.5331186 -0.3333081 0.0302583 -0.1944100 -0.4008865 0.8947509
368.000000 0.4086041 -0.5565299 -0.2801858 0.0601239 -0.2227013 -0.4592979 0.8578081
370.000000 0.4591619 -0.5300073 -0.2329192 0.0469241 -0.2448201 -0.4875703 0.8367416
372.000000 0.4660301 -0.5391299 -0.1883259 0.0136053 -0.2564278 -0.5068871 0.8228762
374.000000 0.4830365 -0.5468209 -0.1461675 -0.0138004 -0.2669010 -0.5171052 0.8131271
379.000000 0.5486234 -0.5732055 -0.0488898 -0.0723161 -0.3282338 -0.4653185 0.8188478
382.000000 0.6073704 -0.5968724 0.0000571 -0.0953735 -0.3585823 -0.4371670 0.8192727
385.000000 0.6759811 -0.6178985 0.0410111 -0.0966269 -0.3836235 -0.4072642 0.8231842
388.000000 0.7489321 -0.6377089 0.0857061 -0.0990005 -0.4112629 -0.3754421 0.8246847
395.000000 0.9311800 -0.6574261 0.2014956 -0.0643403 -0.4354593 -0.3258114 0.8367093
403.000000 1.1165009 -0.6403146 0.2517257 -0.0820898 -0.4485289 -0.3332866 0.8252291
406.000000 1.1806495 -0.6803145 0.2726931 -0.0719142 -0.4472421 -0.3578657 0.8165384
408.000000 1.2011452 -0.7010862 0.2717159 -0.0704679 -0.4341506 -0.3715315 0.8176258
411.000000 1.2616879 -0.7212836 0.2858238 -0.0681578 -0.4473007 -0.3759210 0.8086780
413.000000 1.2953444 -0.7402415 0.3081039 -0.0695102 -0.4439644 -0.3786211 0.8091416
418.000000 1.3650734 -0.7879717 0.3677872 -0.0706908 -0.4439292 -0.4074538 0.7949283
420.000000 1.3857741 -0.8073043 0.3876692 -0.0589397 -0.4496406 -0.4157641 0.7883461
422.000000 1.4048405 -0.8231790 0.4061313 -0.0658154 -0.4569462 -0.4184039 0.7821807
424.000000 1.4276582 -0.8410351 0.4228201 -0.0712491 -0.4805422 -0.4154780 0.7690128
434.000000 1.5130391 -0.9346435 0.5144833 -0.0648171 -0.5276182 -0.4455940 0.7203220
436.000000 1.5318033 -0.9502288 0.5310565 -0.0609066 -0.5392111 -0.4506474 0.7088432
438.000000 1.5525261 -0.9656070 0.5463170 -0.0694115 -0.5477731 -0.4563163 0.6977837
448.000000 1.5858502 -1.0598155 0.6408705 -0.0773754 -0.5859045 -0.4632841 0.6603763
452.000000 1.5534923 -1.0840634 0.6828498 -0.0650269 -0.6039428 -0.4542605 0.6516686
454.000000 1.5351987 -1.0898154 0.7057508 -0.0635210 -0.6182637 -0.4491526 0.6418543
458.000000 1.4751298 -1.1048611 0.7589929 -0.0564525 -0.6327806 -0.4485596 0.6286463
462.000000 1.4175122 -1.1199465 0.8127236 -0.0551684 -0.6428272 -0.4523399 0.6157258
468.000000 1.3161267 -1.1769555 0.8707118 -0.0629705 -0.6364769 -0.4516383 0.6220568
470.000000 1.2785513 -1.2026420 0.8766445 -0.0716174 -0.6334352 -0.4545484 0.6221065
476.000000 1.1849008 -1.2608886 0.8568830 -0.0676427 -0.6302707 -0.4769385 0.6088620
478.000000 1.1544411 -1.2747896 0.8469588 -0.0648398 -0.6411881 -0.4750961 0.5991305
481.000000 1.1088233 -1.2956967 0.8343095 -0.0547970 -0.6512563 -0.4771593 0.5875216
483.000000 1.0914912 -1.3016412 0.8411093 -0.0506205 -0.6493804 -0.4813564 0.5865482
490.000000 1.0303925 -1.2920707 0.8443507 -0.0910052 -0.6011734 -0.5459819 0.5763786
493.000000 0.9984975 -1.2739930 0.8428109 -0.0909466 -0.5725133 -0.5726160 0.5797138
496.000000 0.9774476 -1.2534753 0.8595706 -0.0952217 -0.5601454 -0.5856414 0.5780952
499.000000 0.9561583 -1.2357684 0.8832591 -0.0845944 -0.5382265 -0.6050119 0.5806174
501.000000 0.9477875 -1.2060175 0.8846417 -0.0729829 -0.5234051 -0.6164740 0.5836784
