210.000000 0.0000000 0.0000000 0.0000000 0.0000000 0.0000000 0.0000000 1.0000000
211.000000 -0.0234201 0.0062638 -0.0022892 0.0012706 0.0029588 -0.0024284 0.9999918
212.000000 -0.0488002 0.0123238 -0.0048291 -0.0013721 0.0063465 -0.0051786 0.9999655
214.000000 -0.0919558 0.0085538 -0.0033946 -0.0112008 0.0070785 -0.0010482 0.9999117
215.000000 -0.1116246 0.0127744 -0.0018188 -0.0118638 0.0083464 0.0018322 0.9998931
216.000000 -0.1317174 0.0099991 -0.0002887 -0.0170483 0.0112970 0.0051433 0.9997776
217.000000 -0.1494771 0.0024267 0.0025941 -0.0205919 0.0134689 0.0084129 0.9996619
218.000000 -0.1736370 0.0021414 0.0037006 -0.0194487 0.0176896 0.0101064 0.9996033
219.000000 -0.1991632 -0.0011239 0.0040089 -0.0208484 0.0180415 0.0164312 0.9994848
220.000000 -0.2194254 -0.0098192 0.0063247 -0.0234302 0.0119824 0.0280671 0.9992596
221.000000 -0.2328470 -0.0068032 0.0114104 -0.0202876 0.0042552 0.0372825 0.9990897
