210.000000 0.0000000 0.0000000 0.0000000 0.0000000 0.0000000 0.0000000 1.0000000
211.000000 -0.0201871 0.0048253 -0.0030316 0.0006057 0.0018860 -0.0027477 0.9999943
212.000000 -0.0414034 0.0097011 -0.0062167 -0.0025505 0.0037729 -0.0053114 0.9999755
214.000000 -0.0798300 0.0047548 -0.0078509 -0.0130757 0.0030094 -0.0010255 0.9999095
218.000000 -0.1515282 -0.0028719 -0.0063063 -0.0221890 0.0100966 0.0101634 0.9996511
219.000000 -0.1745775 -0.0071022 -0.0091202 -0.0241843 0.0094920 0.0167346 0.9995224
220.000000 -0.1904797 -0.0151995 -0.0070151 -0.0267679 0.0016150 0.0285955 0.9992313
232.000000 -0.2997813 -0.0633079 0.0460324 -0.0188141 0.0916747 0.0815885 0.9922626
233.000000 -0.3116123 -0.0721834 0.0513573 -0.0226643 0.1059054 0.0841548 0.9905495
241.000000 -0.4062538 -0.0959497 0.0996410 -0.0266201 0.1686707 0.0766882 0.9823240
249.000000 -0.4759802 -0.1451286 0.1694650 -0.0400008 0.1969419 0.0690180 0.9771644
259.000000 -0.5028239 -0.1920934 0.2478404 -0.0387555 0.2062907 0.0361031 0.9770561
261.000000 -0.4988615 -0.2059551 0.2588732 -0.0484347 0.2088954 0.0377341 0.9760087
263.000000 -0.4868476 -0.2083882 0.2561937 -0.0424188 0.2063463 0.0332232 0.9769944
270.000000 -0.4329090 -0.1954294 0.2402623 -0.0432873 0.2298850 0.0455503 0.9711871
272.000000 -0.4112746 -0.1797484 0.2306811 -0.0404795 0.2382196 0.0581486 0.9686235
276.000000 -0.3688402 -0.1274634 0.2110711 -0.0492592 0.2554856 0.0877356 0.9615628
281.000000 -0.3504357 -0.0983037 0.2024788 -0.0822366 0.2569814 0.1404271 0.9526164
285.000000 -0.3461148 -0.0656331 0.1935240 -0.1027143 0.2603461 0.1316834 0.9509622
288.000000 -0.3457711 -0.0310200 0.1871101 -0.1217257 0.2569510 0.1102779 0.9523643
295.000000 -0.3409618 0.0220147 0.1483573 -0.1738164 0.2127336 0.0551925 0.9599407
298.000000 -0.3373100 0.0434966 0.1217940 -0.1698017 0.1963093 0.0207228 0.9655054
304.000000 -0.2728001 0.0760757 0.0405938 -0.1773562 0.1510972 -0.0185939 0.9723007
307.000000 -0.2378844 0.0753419 0.0070671 -0.1695977 0.1312972 -0.0302347 0.9762599
310.000000 -0.1970954 0.0798722 -0.0288796 -0.1589119 0.1061103 -0.0577497 0.9798738
312.000000 -0.1684450 0.0856287 -0.0551465 -0.1498208 0.0934815 -0.0747794 0.9814392
314.000000 -0.1382544 0.0787148 -0.0673555 -0.1454321 0.0845507 -0.0827132 0.9822725
317.000000 -0.0990949 0.0680796 -0.0867283 -0.1415833 0.0685617 -0.0914422 0.9833065
