210.000000 0.0000000 0.0000000 0.0000000 0.0000000 0.0000000 0.0000000 1.0000000
212.000000 -0.0408821 0.0087159 -0.0069199 -0.0030657 0.0038418 -0.0057642 0.9999713
218.000000 -0.1465098 -0.0039604 -0.0086728 -0.0227861 0.0087370 0.0098797 0.9996533
219.000000 -0.1686339 -0.0076046 -0.0111865 -0.0246461 0.0080477 0.0161163 0.9995340
220.000000 -0.1833434 -0.0145936 -0.0094759 -0.0268943 -0.0001786 0.0275340 0.9992590
232.000000 -0.2893563 -0.0620769 0.0409240 -0.0189448 0.0886764 0.0811791 0.9925662
233.000000 -0.3003959 -0.0700437 0.0458797 -0.0224878 0.1025648 0.0837229 0.9909416
241.000000 -0.3926539 -0.0941616 0.0910007 -0.0267303 0.1644180 0.0761690 0.9830822
249.000000 -0.4616283 -0.1437010 0.1576220 -0.0404014 0.1921881 0.0690805 0.9780896
259.000000 -0.4888272 -0.1907976 0.2345969 -0.0393211 0.2014147 0.0364141 0.9780388
261.000000 -0.4850083 -0.2042425 0.2455260 -0.0488885 0.2040101 0.0379676 0.9770098
263.000000 -0.4731846 -0.2066836 0.2432617 -0.0428303 0.2015389 0.0333389 0.9779755
270.000000 -0.4196788 -0.1938506 0.2284344 -0.0438050 0.2252777 0.0457147 0.9722351
272.000000 -0.3993694 -0.1789771 0.2194317 -0.0413605 0.2341823 0.0581831 0.9695683
295.000000 -0.3288966 0.0206847 0.1389276 -0.1746968 0.2085913 0.0540788 0.9607529
298.000000 -0.3264638 0.0404579 0.1134695 -0.1713853 0.1929708 0.0197337 0.9659192
304.000000 -0.2634949 0.0724888 0.0364775 -0.1786123 0.1486424 -0.0194529 0.9724324
310.000000 -0.1911733 0.0749486 -0.0300404 -0.1608098 0.1048375 -0.0581737 0.9796761
314.000000 -0.1341659 0.0735460 -0.0676791 -0.1473427 0.0834546 -0.0828169 0.9820727
326.000000 0.0560420 0.0065938 -0.1277454 -0.1317075 0.0400431 -0.1038131 0.9850241
330.000000 0.1207047 -0.0459068 -0.1521008 -0.1176905 0.0305987 -0.1230612 0.9849206
332.000000 0.1465030 -0.0868295 -0.1655958 -0.1160807 0.0272685 -0.1438610 0.9823878
338.000000 0.2029188 -0.1825791 -0.2143386 -0.1024302 0.0045542 -0.1871415 0.9769675
340.000000 0.2113815 -0.2066710 -0.2338907 -0.0924834 0.0017048 -0.1996956 0.9754822
342.000000 0.2085162 -0.2380147 -0.2511983 -0.0844958 -0.0124587 -0.2034128 0.9753607
344.000000 0.2262987 -0.2434939 -0.2733080 -0.0725302 -0.0452272 -0.2035487 0.9753265
347.000000 0.2600549 -0.2937228 -0.2843032 -0.0811207 -0.0933007 -0.2143029 0.9689111
350.000000 0.2966643 -0.3395138 -0.3015639 -0.0733957 -0.1116069 -0.2371178 0.9622537
352.000000 0.3253928 -0.3649723 -0.3170761 -0.0671602 -0.1193603 -0.2495931 0.9586167
354.000000 0.3486549 -0.4336748 -0.3253874 -0.0718065 -0.1255159 -0.2697791 0.9520025
356.000000 0.3653793 -0.4721487 -0.3443246 -0.0433393 -0.1137888 -0.2871343 0.9501199
360.000000 0.3666782 -0.4985238 -0.3632166 0.0253343 -0.1252637 -0.3441314 0.9301832
362.000000 0.3768439 -0.5025106 -0.3627213 0.0374673 -0.1616196 -0.3646538 0.9162439
364.000000 0.3914138 -0.5331186 -0.3333081 0.0302583 -0.1944100 -0.4008865 0.8947509
368.000000 0.4086041 -0.5565299 -0.2801858 0.0601239 -0.2227013 -0.4592979 0.8578081
370.000000 0.4591619 -0.5300073 -0.2329192 0.0469241 -0.2448201 -0.4875703 0.8367416
372.000000 0.4660301 -0.5391299 -0.1883259 0.0136053 -0.2564278 -0.5068871 0.8228762
374.000000 0.4830365 -0.5468209 -0.1461675 -0.0138004 -0.2669010 -0.5171052 0.8131271
379.000000 0.5486234 -0.5732055 -0.0488898 -0.0723161 -0.3282338 -0.4653185 0.8188478
382.000000 0.6072716 -0.5969005 -0.0001080 -0.0954011 -0.3585223 -0.4371831 0.8192871
385.000000 0.6759811 -0.6178985 0.0410111 -0.0966269 -0.3836235 -0.4072642 0.8231842
388.000000 0.7489321 -0.6377089 0.0857061 -0.0990005 -0.4112629 -0.3754421 0.8246847
395.000000 0.9299573 -0.6564323 0.2006685 -0.0643247 -0.4349155 -0.3257990 0.8369981
403.000000 1.1153692 -0.6410115 0.2503223 -0.0824370 -0.4481194 -0.3334321 0.8253582
406.000000 1.1783926 -0.6795191 0.2711359 -0.0722532 -0.4465705 -0.3576976 0.8169496
408.000000 1.1987627 -0.7003200 0.2704113 -0.0707732 -0.4335361 -0.3714468 0.8179639
411.000000 1.2583029 -0.7189964 0.2835693 -0.0681599 -0.4462452 -0.3758425 0.8092971
413.000000 1.2930262 -0.7391785 0.3051053 -0.0696325 -0.4430462 -0.3785671 0.8096594
418.000000 1.3628998 -0.7877877 0.3628552 -0.0708987 -0.4424837 -0.4078178 0.7955289
420.000000 1.3839979 -0.8055121 0.3840876 -0.0588905 -0.4486756 -0.4155881 0.7889922
422.000000 1.4028622 -0.8208386 0.4034976 -0.0659186 -0.4562430 -0.4178992 0.7828521
424.000000 1.4256487 -0.8402557 0.4189543 -0.0716868 -0.4795559 -0.4152991 0.7696843
436.000000 1.5304618 -0.9492159 0.5249464 -0.0612425 -0.5378994 -0.4504810 0.7099158
438.000000 1.5509712 -0.9644436 0.5402335 -0.0697961 -0.5464908 -0.4561040 0.6988887
448.000000 1.5856985 -1.0620878 0.6305161 -0.0784479 -0.5837417 -0.4637170 0.6618596
452.000000 1.5534110 -1.0880758 0.6730397 -0.0664663 -0.6019229 -0.4548208 0.6530001
454.000000 1.5354575 -1.0936546 0.6956019 -0.0647378 -0.6161582 -0.4498460 0.6432703
458.000000 1.4765034 -1.1088128 0.7481596 -0.0576493 -0.6305402 -0.4492542 0.6302906
462.000000 1.4193207 -1.1247714 0.8024319 -0.0563353 -0.6406410 -0.4531888 0.6172725
470.000000 1.2807969 -1.2084858 0.8649464 -0.0724550 -0.6307061 -0.4558236 0.6238469
476.000000 1.1869183 -1.2657323 0.8443779 -0.0682776 -0.6273116 -0.4782603 0.6108071
478.000000 1.1571136 -1.2805860 0.8350593 -0.0653879 -0.6384732 -0.4763980 0.6009337
481.000000 1.1111764 -1.3013936 0.8220531 -0.0552128 -0.6485147 -0.4786666 0.5892864
483.000000 1.0938960 -1.3081226 0.8282233 -0.0509673 -0.6464787 -0.4830816 0.5883024
490.000000 1.0301464 -1.2993329 0.8324453 -0.0919124 -0.5981737 -0.5479322 0.5775038
493.000000 0.9972969 -1.2802858 0.8297682 -0.0916531 -0.5690948 -0.5749027 0.5807045
499.000000 0.9514516 -1.2460871 0.8653873 -0.0867348 -0.5326543 -0.6092557 0.5810026
501.000000 0.9449110 -1.2137501 0.8738407 -0.0746756 -0.5202414 -0.6190127 0.5836058
503.000000 0.9445233 -1.1910149 0.8936304 -0.0827528 -0.5192781 -0.6209406 0.5813218
506.000000 0.9337659 -1.1568849 0.9139839 -0.1017896 -0.5035514 -0.6321872 0.5800122
512.000000 0.9450397 -1.0641764 0.9413732 -0.1298698 -0.4783385 -0.6369772 0.5904118
514.000000 0.9554406 -1.0233099 0.9427919 -0.1380126 -0.4756801 -0.6340586 0.5938440
517.000000 0.9701442 -0.9742142 0.9340931 -0.1475929 -0.4765255 -0.6318682 0.5931968
520.000000 0.9896342 -0.9287064 0.9177715 -0.1547631 -0.4722251 -0.6311494 0.5955689
526.000000 1.0256448 -0.8438183 0.8695505 -0.1820337 -0.4566287 -0.6268912 0.6044512
532.000000 1.0509658 -0.7743574 0.8125534 -0.1933385 -0.4559838 -0.6224508 0.6060147
535.000000 1.0556635 -0.7483394 0.7876357 -0.2006035 -0.4505877 -0.6194289 0.6107674
538.000000 1.0573288 -0.7213423 0.7652146 -0.2075236 -0.4471562 -0.6144747 0.6159596
541.000000 1.0567040 -0.7013083 0.7465626 -0.2094249 -0.4393722 -0.6070710 0.6281385
564.000000 1.0180008 -0.6560075 0.6009965 -0.1802802 -0.4279270 -0.5182189 0.7182108
567.000000 1.0197334 -0.6558082 0.5890167 -0.1748252 -0.4168844 -0.5113313 0.7308788
573.000000 1.0323451 -0.6474677 0.5777293 -0.1846066 -0.3873901 -0.4878617 0.7601581
576.000000 1.0361316 -0.6381612 0.5719693 -0.1836693 -0.3671765 -0.4854695 0.7718590
579.000000 1.0345505 -0.6267013 0.5642742 -0.1889963 -0.3469606 -0.4825693 0.7816813
582.000000 1.0264039 -0.6164693 0.5559821 -0.1957443 -0.3354069 -0.4788913 0.7873052
585.000000 1.0219040 -0.6160897 0.5506824 -0.1888215 -0.3354985 -0.4717557 0.7932425
