210.000000 0.0000000 0.0000000 0.0000000 0.0000000 0.0000000 0.0000000 1.0000000
211.000000 -0.0228684 0.0058163 -0.0026326 0.0010352 0.0028029 -0.0024933 0.9999924
212.000000 -0.0470703 0.0114024 -0.0052571 -0.0017183 0.0057684 -0.0049344 0.9999697
214.000000 -0.0898304 0.0072203 -0.0048212 -0.0118132 0.0064912 -0.0008576 0.9999088
217.000000 -0.1463790 0.0007260 0.0000264 -0.0214201 0.0125231 0.0087350 0.9996539
218.000000 -0.1693040 -0.0006600 0.0011245 -0.0207852 0.0162734 0.0107053 0.9995942
219.000000 -0.1933106 -0.0035438 0.0012791 -0.0219898 0.0160654 0.0170608 0.9994835
220.000000 -0.2123069 -0.0122811 0.0034745 -0.0246491 0.0093696 0.0289114 0.9992341
223.000000 -0.2414923 -0.0217841 0.0247889 -0.0288313 -0.0040115 0.0504925 0.9983001
224.000000 -0.2500294 -0.0268315 0.0303841 -0.0245263 0.0023849 0.0511024 0.9983894
225.000000 -0.2621759 -0.0313333 0.0350900 -0.0211973 0.0120811 0.0502475 0.9984387
227.000000 -0.2822834 -0.0381778 0.0458441 -0.0147802 0.0311833 0.0541327 0.9979373
228.000000 -0.2932599 -0.0437360 0.0534574 -0.0148847 0.0442943 0.0568383 0.9972892
