210.000000 0.0000000 0.0000000 0.0000000 0.0000000 0.0000000 0.0000000 1.0000000
211.000000 -0.0206428 0.0044208 -0.0040105 0.0003395 0.0019690 -0.0027307 0.9999943
212.000000 -0.0420393 0.0084503 -0.0075354 -0.0031768 0.0038784 -0.0051360 0.9999743
218.000000 -0.1519457 -0.0048198 -0.0088513 -0.0231218 0.0097722 0.0103403 0.9996314
219.000000 -0.1745344 -0.0086737 -0.0115244 -0.0249541 0.0090397 0.0167129 0.9995080
220.000000 -0.1898147 -0.0168541 -0.0095685 -0.0276163 0.0009542 0.0286249 0.9992082
232.000000 -0.3000175 -0.0664510 0.0430403 -0.0202532 0.0910310 0.0819693 0.9922622
233.000000 -0.3119772 -0.0748412 0.0484120 -0.0238697 0.1052786 0.0843522 0.9905712
241.000000 -0.4070546 -0.0994609 0.0962305 -0.0281231 0.1678896 0.0768453 0.9824037
249.000000 -0.4779857 -0.1503334 0.1659326 -0.0421509 0.1963657 0.0696382 0.9771460
259.000000 -0.5051506 -0.1977086 0.2452667 -0.0410573 0.2056589 0.0366963 0.9770733
261.000000 -0.5013082 -0.2118043 0.2565392 -0.0508271 0.2083463 0.0383160 0.9759817
263.000000 -0.4890820 -0.2141705 0.2538838 -0.0447601 0.2057457 0.0336584 0.9770017
270.000000 -0.4346780 -0.2011007 0.2378466 -0.0456452 0.2293997 0.0459925 0.9711730
272.000000 -0.4131525 -0.1857367 0.2282073 -0.0431030 0.2378222 0.0585862 0.9685816
295.000000 -0.3389947 0.0209934 0.1436091 -0.1745747 0.2101430 0.0545511 0.9604102
298.000000 -0.3363625 0.0415679 0.1173113 -0.1711187 0.1943297 0.0200827 0.9656869
304.000000 -0.2712747 0.0743996 0.0377541 -0.1783721 0.1494644 -0.0190957 0.9723575
310.000000 -0.1968042 0.0768484 -0.0307324 -0.1606590 0.1053915 -0.0577502 0.9796664
314.000000 -0.1374995 0.0755359 -0.0694347 -0.1471080 0.0834855 -0.0824086 0.9821396
324.000000 0.0245648 0.0382029 -0.1203355 -0.1343278 0.0473717 -0.1026872 0.9844630
326.000000 0.0587335 0.0067709 -0.1308322 -0.1315891 0.0392451 -0.1036859 0.9850855
330.000000 0.1248570 -0.0457834 -0.1544605 -0.1170567 0.0298197 -0.1232523 0.9849961
332.000000 0.1523245 -0.0867447 -0.1676400 -0.1149810 0.0261572 -0.1434886 0.9826018
334.000000 0.1723922 -0.1129514 -0.1840108 -0.1071226 0.0227859 -0.1573494 0.9814513
336.000000 0.1917834 -0.1481596 -0.1993404 -0.1033221 0.0113099 -0.1695301 0.9800286
338.000000 0.2107264 -0.1850721 -0.2169447 -0.1016947 0.0030343 -0.1866379 0.9771465
340.000000 0.2195733 -0.2085752 -0.2356211 -0.0914390 0.0002892 -0.1989743 0.9757295
342.000000 0.2172624 -0.2416943 -0.2537706 -0.0838579 -0.0141496 -0.2022093 0.9756429
344.000000 0.2382930 -0.2467152 -0.2774589 -0.0712427 -0.0480906 -0.2028020 0.9754400
