210.000000 0.0000000 0.0000000 0.0000000 0.0000000 0.0000000 0.0000000 1.0000000
212.000000 -0.0408821 0.0087159 -0.0069199 -0.0030657 0.0038418 -0.0057642 0.9999713
218.000000 -0.1465098 -0.0039604 -0.0086728 -0.0227861 0.0087370 0.0098797 0.9996533
219.000000 -0.1686339 -0.0076046 -0.0111865 -0.0246461 0.0080477 0.0161163 0.9995340
220.000000 -0.1833434 -0.0145936 -0.0094759 -0.0268943 -0.0001786 0.0275340 0.9992590
232.000000 -0.2893563 -0.0620769 0.0409240 -0.0189448 0.0886764 0.0811791 0.9925662
233.000000 -0.3003959 -0.0700437 0.0458797 -0.0224878 0.1025648 0.0837229 0.9909416
241.000000 -0.3926539 -0.0941616 0.0910007 -0.0267303 0.1644180 0.0761690 0.9830822
249.000000 -0.4616283 -0.1437010 0.1576220 -0.0404014 0.1921881 0.0690805 0.9780896
259.000000 -0.4888272 -0.1907976 0.2345969 -0.0393211 0.2014147 0.0364141 0.9780388
261.000000 -0.4850083 -0.2042425 0.2455260 -0.0488885 0.2040101 0.0379676 0.9770098
263.000000 -0.4731846 -0.2066836 0.2432617 -0.0428303 0.2015389 0.0333389 0.9779755
270.000000 -0.4196788 -0.1938506 0.2284344 -0.0438050 0.2252777 0.0457147 0.9722351
272.000000 -0.3993694 -0.1789771 0.2194317 -0.0413605 0.2341823 0.0581831 0.9695683
295.000000 -0.3288966 0.0206847 0.1389276 -0.1746968 0.2085913 0.0540788 0.9607529
298.000000 -0.3264638 0.0404579 0.1134695 -0.1713853 0.1929708 0.0197337 0.9659192
304.000000 -0.2634949 0.0724888 0.0364775 -0.1786123 0.1486424 -0.0194529 0.9724324
310.000000 -0.1911733 0.0749486 -0.0300404 -0.1608098 0.1048375 -0.0581737 0.9796761
314.000000 -0.1341659 0.0735460 -0.0676791 -0.1473427 0.0834546 -0.0828169 0.9820727
326.000000 0.0560420 0.0065938 -0.1277454 -0.1317075 0.0400431 -0.1038131 0.9850241
330.000000 0.1207047 -0.0459068 -0.1521008 -0.1176905 0.0305987 -0.1230612 0.9849206
332.000000 0.1465030 -0.0868295 -0.1655958 -0.1160807 0.0272685 -0.1438610 0.9823878
338.000000 0.2029188 -0.1825791 -0.2143386 -0.1024302 0.0045542 -0.1871415 0.9769675
340.000000 0.2113815 -0.2066710 -0.2338907 -0.0924834 0.0017048 -0.1996956 0.9754822
342.000000 0.2085162 -0.2380147 -0.2511983 -0.0844958 -0.0124587 -0.2034128 0.9753607
344.000000 0.2262987 -0.2434939 -0.2733080 -0.0725302 -0.0452272 -0.2035487 0.9753265
347.000000 0.2600549 -0.2937228 -0.2843032 -0.0811207 -0.0933007 -0.2143029 0.9689111
350.000000 0.2966643 -0.3395138 -0.3015639 -0.0733957 -0.1116069 -0.2371178 0.9622537
352.000000 0.3253928 -0.3649723 -0.3170761 -0.0671602 -0.1193603 -0.2495931 0.9586167
354.000000 0.3486549 -0.4336748 -0.3253874 -0.0718065 -0.1255159 -0.2697791 0.9520025
356.000000 0.3653793 -0.4721487 -0.3443246 -0.0433393 -0.1137888 -0.2871343 0.9501199
360.000000 0.3666782 -0.4985238 -0.3632166 0.0253343 -0.1252637 -0.3441314 0.9301832
362.000000 0.3768439 -0.5025106 -0.3627213 0.0374673 -0.1616196 -0.3646538 0.9162439
364.000000 0.3914138 -0.5331186 -0.3333081 0.0302583 -0.1944100 -0.4008865 0.8947509
368.000000 0.4086041 -0.5565299 -0.2801858 0.0601239 -0.2227013 -0.4592979 0.8578081
370.000000 0.4591619 -0.5300073 -0.2329192 0.0469241 -0.2448201 -0.4875703 0.8367416
372.000000 0.4660301 -0.5391299 -0.1883259 0.0136053 -0.2564278 -0.5068871 0.8228762
374.000000 0.4830365 -0.5468209 -0.1461675 -0.0138004 -0.2669010 -0.5171052 0.8131271
379.000000 0.5486234 -0.5732055 -0.0488898 -0.0723161 -0.3282338 -0.4653185 0.8188478
382.000000 0.6072716 -0.5969005 -0.0001080 -0.0954011 -0.3585223 -0.4371831 0.8192871
385.000000 0.6759811 -0.6178985 0.0410111 -0.0966269 -0.3836235 -0.4072642 0.8231842
388.000000 0.7489321 -0.6377089 0.0857061 -0.0990005 -0.4112629 -0.3754421 0.8246847
395.000000 0.9299573 -0.6564323 0.2006685 -0.0643247 -0.4349155 -0.3257990 0.8369981
403.000000 1.1152935 -0.6404226 0.2508818 -0.0824054 -0.4482478 -0.3332579 0.8253620
406.000000 1.1780363 -0.6791815 0.2709962 -0.0722845 -0.4465046 -0.3576044 0.8170237
408.000000 1.1984324 -0.6998434 0.2699502 -0.0707005 -0.4333834 -0.3714524 0.8180485
411.000000 1.2581580 -0.7183710 0.2838603 -0.0680646 -0.4463089 -0.3757352 0.8093199
413.000000 1.2927731 -0.7383754 0.3049012 -0.0695457 -0.4429570 -0.3784619 0.8097649
418.000000 1.3626714 -0.7868997 0.3618792 -0.0707372 -0.4421752 -0.4078037 0.7957220
420.000000 1.3838332 -0.8051380 0.3829740 -0.0588431 -0.4483871 -0.4156118 0.7891472
422.000000 1.4026684 -0.8206204 0.4024385 -0.0658942 -0.4559613 -0.4179608 0.7829853
424.000000 1.4254982 -0.8397353 0.4179030 -0.0715819 -0.4792625 -0.4153153 0.7698680
436.000000 1.5305452 -0.9491064 0.5237347 -0.0612620 -0.5376354 -0.4505019 0.7101008
438.000000 1.5511916 -0.9642174 0.5388509 -0.0697819 -0.5461967 -0.4561116 0.6991151
448.000000 1.5860844 -1.0622766 0.6291832 -0.0784604 -0.5834857 -0.4637846 0.6620364
452.000000 1.5537854 -1.0882223 0.6715134 -0.0664717 -0.6016247 -0.4549010 0.6532184
454.000000 1.5358706 -1.0939164 0.6941056 -0.0647554 -0.6158669 -0.4499385 0.6434828
458.000000 1.4769152 -1.1091748 0.7467471 -0.0576866 -0.6302609 -0.4493563 0.6304938
462.000000 1.4199730 -1.1252738 0.8010163 -0.0563794 -0.6403572 -0.4532806 0.6174955
470.000000 1.2812299 -1.2092634 0.8637272 -0.0725178 -0.6304464 -0.4559678 0.6239967
476.000000 1.1871666 -1.2666007 0.8430907 -0.0683270 -0.6270352 -0.4784739 0.6109182
478.000000 1.1572795 -1.2814292 0.8337619 -0.0654341 -0.6381981 -0.4766269 0.6010394
481.000000 1.1114242 -1.3022516 0.8206640 -0.0552305 -0.6482306 -0.4789226 0.5893894
483.000000 1.0939698 -1.3091035 0.8268360 -0.0510530 -0.6461889 -0.4833298 0.5884097
490.000000 1.0301621 -1.3001900 0.8310397 -0.0919661 -0.5978474 -0.5481883 0.5775900
493.000000 0.9973284 -1.2811549 0.8284749 -0.0917130 -0.5687873 -0.5751372 0.5807641
499.000000 0.9514029 -1.2468331 0.8641562 -0.0868010 -0.5323197 -0.6094740 0.5810704
501.000000 0.9448478 -1.2145556 0.8726487 -0.0747782 -0.5199118 -0.6192272 0.5836588
503.000000 0.9444087 -1.1919508 0.8924978 -0.0829140 -0.5189557 -0.6211696 0.5813421
506.000000 0.9337538 -1.1577601 0.9129230 -0.1019296 -0.5032511 -0.6323683 0.5800508
512.000000 0.9451000 -1.0650904 0.9404255 -0.1300503 -0.4780910 -0.6371168 0.5904220
514.000000 0.9555180 -1.0239155 0.9419147 -0.1381618 -0.4753996 -0.6341627 0.5939228
517.000000 0.9702281 -0.9745580 0.9332399 -0.1476844 -0.4762071 -0.6319651 0.5933264
520.000000 0.9897985 -0.9290936 0.9168863 -0.1548694 -0.4719363 -0.6312369 0.5956774
526.000000 1.0256267 -0.8441046 0.8686834 -0.1822468 -0.4562994 -0.6269038 0.6046227
532.000000 1.0511495 -0.7748786 0.8115759 -0.1936075 -0.4557098 -0.6224228 0.6061638
535.000000 1.0557245 -0.7487667 0.7866600 -0.2009404 -0.4503024 -0.6194646 0.6108308
538.000000 1.0571593 -0.7215414 0.7641088 -0.2078497 -0.4467041 -0.6145259 0.6161265
541.000000 1.0570525 -0.7015253 0.7453240 -0.2094820 -0.4390286 -0.6070180 0.6284109
564.000000 1.0176394 -0.6557363 0.5995189 -0.1802059 -0.4272138 -0.5185422 0.7184206
567.000000 1.0189370 -0.6558144 0.5872002 -0.1750002 -0.4158553 -0.5118925 0.7310303
573.000000 1.0318755 -0.6467290 0.5763830 -0.1843329 -0.3865432 -0.4880331 0.7605454
576.000000 1.0360520 -0.6375180 0.5707941 -0.1833842 -0.3665850 -0.4853559 0.7722793
579.000000 1.0346456 -0.6251200 0.5633804 -0.1882140 -0.3464338 -0.4820906 0.7823987
585.000000 1.0222629 -0.6144605 0.5496212 -0.1878224 -0.3350327 -0.4714597 0.7938523
589.000000 1.0199636 -0.6129056 0.5436867 -0.1840641 -0.3400384 -0.4643459 0.7967918
592.000000 1.0127307 -0.6198671 0.5433748 -0.1833849 -0.3380389 -0.4656284 0.7970507
595.000000 1.0102389 -0.6269105 0.5438023 -0.1798050 -0.3444743 -0.4570445 0.8000737
