210.000000 0.0000000 0.0000000 0.0000000 0.0000000 0.0000000 0.0000000 1.0000000
211.000000 -0.0220527 0.0052721 -0.0029996 0.0008331 0.0024999 -0.0024566 0.9999935
212.000000 -0.0455688 0.0106583 -0.0059094 -0.0020083 0.0052503 -0.0048148 0.9999726
214.000000 -0.0872849 0.0059921 -0.0062377 -0.0123823 0.0056736 -0.0008135 0.9999069
218.000000 -0.1650417 -0.0026696 -0.0019565 -0.0217339 0.0148628 0.0108672 0.9995942
219.000000 -0.1887929 -0.0057241 -0.0025880 -0.0231309 0.0145530 0.0172376 0.9994779
220.000000 -0.2068258 -0.0142868 -0.0004985 -0.0257513 0.0074452 0.0292506 0.9992126
224.000000 -0.2435186 -0.0302393 0.0246232 -0.0263158 0.0000289 0.0519944 0.9983006
227.000000 -0.2764147 -0.0417629 0.0388568 -0.0166723 0.0290384 0.0551222 0.9979180
228.000000 -0.2869652 -0.0475241 0.0457132 -0.0168951 0.0418665 0.0577789 0.9973081
230.000000 -0.3015560 -0.0547944 0.0567473 -0.0120332 0.0672191 0.0661548 0.9954699
232.000000 -0.3237826 -0.0606885 0.0666035 -0.0162210 0.1019128 0.0804617 0.9914013
233.000000 -0.3357690 -0.0686703 0.0741477 -0.0195568 0.1164370 0.0833665 0.9894999
235.000000 -0.3577382 -0.0754336 0.0872664 -0.0176035 0.1396806 0.0850529 0.9863800
