210.000000 0.0000000 0.0000000 0.0000000 0.0000000 0.0000000 0.0000000 1.0000000
211.000000 -0.0207144 0.0043610 -0.0041137 0.0002909 0.0020072 -0.0027511 0.9999942
212.000000 -0.0420571 0.0088649 -0.0071771 -0.0029889 0.0039263 -0.0053463 0.9999735
218.000000 -0.1508410 -0.0042180 -0.0086551 -0.0228225 0.0091886 0.0101502 0.9996458
219.000000 -0.1735348 -0.0081741 -0.0113411 -0.0247179 0.0084713 0.0165101 0.9995222
220.000000 -0.1890584 -0.0164134 -0.0095057 -0.0274008 0.0004358 0.0284272 0.9992201
232.000000 -0.2985317 -0.0651562 0.0429634 -0.0196381 0.0900195 0.0816118 0.9923963
233.000000 -0.3105495 -0.0734746 0.0482901 -0.0232226 0.1042759 0.0840511 0.9907182
241.000000 -0.4052358 -0.0979451 0.0955908 -0.0273927 0.1665375 0.0765054 0.9826809
249.000000 -0.4761674 -0.1488727 0.1649028 -0.0413449 0.1948114 0.0692887 0.9775164
259.000000 -0.5036075 -0.1963679 0.2441561 -0.0401731 0.2041031 0.0363864 0.9774477
261.000000 -0.4997593 -0.2104052 0.2554009 -0.0498871 0.2067495 0.0379960 0.9763822
263.000000 -0.4875501 -0.2129180 0.2527562 -0.0438770 0.2041780 0.0333263 0.9773819
270.000000 -0.4330953 -0.1998516 0.2369955 -0.0447919 0.2279096 0.0456822 0.9715781
272.000000 -0.4116697 -0.1846404 0.2275511 -0.0423486 0.2364328 0.0582497 0.9689753
295.000000 -0.3387513 0.0208550 0.1436134 -0.1747550 0.2098235 0.0544623 0.9604523
298.000000 -0.3361843 0.0412920 0.1173646 -0.1713543 0.1940549 0.0200554 0.9657009
304.000000 -0.2715104 0.0738529 0.0378378 -0.1787579 0.1494404 -0.0190162 0.9722919
310.000000 -0.1971929 0.0765266 -0.0307076 -0.1609195 0.1054594 -0.0578132 0.9796126
314.000000 -0.1383194 0.0750364 -0.0694995 -0.1474677 0.0837988 -0.0823614 0.9820629
326.000000 0.0578936 0.0066261 -0.1308810 -0.1316922 0.0397593 -0.1035422 0.9850662
330.000000 0.1240276 -0.0466692 -0.1552478 -0.1175138 0.0303592 -0.1230605 0.9849492
332.000000 0.1507349 -0.0878680 -0.1684985 -0.1155346 0.0270833 -0.1436339 0.9824905
336.000000 0.1905620 -0.1489869 -0.2007380 -0.1035526 0.0120966 -0.1697434 0.9799580
338.000000 0.2090979 -0.1856468 -0.2182803 -0.1018055 0.0040814 -0.1869709 0.9770675
340.000000 0.2177465 -0.2102201 -0.2380853 -0.0918679 0.0012898 -0.1994153 0.9755984
342.000000 0.2155306 -0.2427597 -0.2560366 -0.0840821 -0.0132587 -0.2030852 0.9754542
344.000000 0.2318118 -0.2509833 -0.2795324 -0.0733408 -0.0453619 -0.2034024 0.9752902
347.000000 0.2679627 -0.3021418 -0.2902008 -0.0815981 -0.0941724 -0.2143592 0.9687742
350.000000 0.3058701 -0.3482077 -0.3078781 -0.0734969 -0.1124080 -0.2369731 0.9621884
352.000000 0.3357030 -0.3742979 -0.3236032 -0.0672684 -0.1203983 -0.2494974 0.9585042
