210.000000 0.0000000 0.0000000 0.0000000 0.0000000 0.0000000 0.0000000 1.0000000
212.000000 -0.0408821 0.0087159 -0.0069199 -0.0030657 0.0038418 -0.0057642 0.9999713
218.000000 -0.1465098 -0.0039604 -0.0086728 -0.0227861 0.0087370 0.0098797 0.9996533
219.000000 -0.1686339 -0.0076046 -0.0111865 -0.0246461 0.0080477 0.0161163 0.9995340
220.000000 -0.1833434 -0.0145936 -0.0094759 -0.0268943 -0.0001786 0.0275340 0.9992590
232.000000 -0.2893563 -0.0620769 0.0409240 -0.0189448 0.0886764 0.0811791 0.9925662
233.000000 -0.3003959 -0.0700437 0.0458797 -0.0224878 0.1025648 0.0837229 0.9909416
241.000000 -0.3926539 -0.0941616 0.0910007 -0.0267303 0.1644180 0.0761690 0.9830822
249.000000 -0.4616283 -0.1437010 0.1576220 -0.0404014 0.1921881 0.0690805 0.9780896
259.000000 -0.4888272 -0.1907976 0.2345969 -0.0393211 0.2014147 0.0364141 0.9780388
261.000000 -0.4850083 -0.2042425 0.2455260 -0.0488885 0.2040101 0.0379676 0.9770098
263.000000 -0.4731846 -0.2066836 0.2432617 -0.0428303 0.2015389 0.0333389 0.9779755
270.000000 -0.4196788 -0.1938506 0.2284344 -0.0438050 0.2252777 0.0457147 0.9722351
272.000000 -0.3993694 -0.1789771 0.2194317 -0.0413605 0.2341823 0.0581831 0.9695683
295.000000 -0.3288966 0.0206847 0.1389276 -0.1746968 0.2085913 0.0540788 0.9607529
298.000000 -0.3264638 0.0404579 0.1134695 -0.1713853 0.1929708 0.0197337 0.9659192
304.000000 -0.2634949 0.0724888 0.0364775 -0.1786123 0.1486424 -0.0194529 0.9724324
310.000000 -0.1911733 0.0749486 -0.0300404 -0.1608098 0.1048375 -0.0581737 0.9796761
314.000000 -0.1341659 0.0735460 -0.0676791 -0.1473427 0.0834546 -0.0828169 0.9820727
326.000000 0.0560420 0.0065938 -0.1277454 -0.1317075 0.0400431 -0.1038131 0.9850241
330.000000 0.1207047 -0.0459068 -0.1521008 -0.1176905 0.0305987 -0.1230612 0.9849206
332.000000 0.1465030 -0.0868295 -0.1655958 -0.1160807 0.0272685 -0.1438610 0.9823878
338.000000 0.2029188 -0.1825791 -0.2143386 -0.1024302 0.0045542 -0.1871415 0.9769675
340.000000 0.2113815 -0.2066710 -0.2338907 -0.0924834 0.0017048 -0.1996956 0.9754822
342.000000 0.2085162 -0.2380147 -0.2511983 -0.0844958 -0.0124587 -0.2034128 0.9753607
344.000000 0.2262987 -0.2434939 -0.2733080 -0.0725302 -0.0452272 -0.2035487 0.9753265
347.000000 0.2600549 -0.2937228 -0.2843032 -0.0811207 -0.0933007 -0.2143029 0.9689111
350.000000 0.2966643 -0.3395138 -0.3015639 -0.0733957 -0.1116069 -0.2371178 0.9622537
352.000000 0.3253928 -0.3649723 -0.3170761 -0.0671602 -0.1193603 -0.2495931 0.9586167
354.000000 0.3486549 -0.4336748 -0.3253874 -0.0718065 -0.1255159 -0.2697791 0.9520025
356.000000 0.3653793 -0.4721487 -0.3443246 -0.0433393 -0.1137888 -0.2871343 0.9501199
360.000000 0.3666782 -0.4985238 -0.3632166 0.0253343 -0.1252637 -0.3441314 0.9301832
362.000000 0.3768439 -0.5025106 -0.3627213 0.0374673 -0.1616196 -0.3646538 0.9162439
364.000000 0.3914138 -0.5331186 -0.3333081 0.0302583 -0.1944100 -0.4008865 0.8947509
368.000000 0.4086041 -0.5565299 -0.2801858 0.0601239 -0.2227013 -0.4592979 0.8578081
370.000000 0.4591619 -0.5300073 -0.2329192 0.0469241 -0.2448201 -0.4875703 0.8367416
372.000000 0.4660301 -0.5391299 -0.1883259 0.0136053 -0.2564278 -0.5068871 0.8228762
374.000000 0.4830365 -0.5468209 -0.1461675 -0.0138004 -0.2669010 -0.5171052 0.8131271
379.000000 0.5486234 -0.5732055 -0.0488898 -0.0723161 -0.3282338 -0.4653185 0.8188478
382.000000 0.6072716 -0.5969005 -0.0001080 -0.0954011 -0.3585223 -0.4371831 0.8192871
385.000000 0.6759811 -0.6178985 0.0410111 -0.0966269 -0.3836235 -0.4072642 0.8231842
388.000000 0.7489321 -0.6377089 0.0857061 -0.0990005 -0.4112629 -0.3754421 0.8246847
395.000000 0.9299573 -0.6564323 0.2006685 -0.0643247 -0.4349155 -0.3257990 0.8369981
403.000000 1.1153603 -0.6406155 0.2509075 -0.0824657 -0.4482600 -0.3332449 0.8253546
406.000000 1.1780030 -0.6793669 0.2709797 -0.0723356 -0.4464982 -0.3576189 0.8170162
408.000000 1.1985161 -0.7000473 0.2700036 -0.0707611 -0.4334008 -0.3714312 0.8180436
411.000000 1.2581240 -0.7187822 0.2835748 -0.0681807 -0.4462174 -0.3757871 0.8093364
413.000000 1.2928667 -0.7388008 0.3047405 -0.0696426 -0.4429339 -0.3784900 0.8097560
418.000000 1.3627791 -0.7871761 0.3623176 -0.0707959 -0.4423095 -0.4077921 0.7956481
420.000000 1.3838611 -0.8053514 0.3834648 -0.0588890 -0.4485165 -0.4156036 0.7890746
422.000000 1.4027292 -0.8206958 0.4028832 -0.0659024 -0.4560807 -0.4179440 0.7829241
424.000000 1.4255178 -0.8398809 0.4183981 -0.0716143 -0.4793871 -0.4153045 0.7697932
436.000000 1.5304954 -0.9491334 0.5242824 -0.0612611 -0.5377499 -0.4504822 0.7100267
438.000000 1.5511131 -0.9642029 0.5393885 -0.0697744 -0.5463067 -0.4560954 0.6990404
448.000000 1.5859582 -1.0621996 0.6298671 -0.0784737 -0.5836148 -0.4637341 0.6619564
452.000000 1.5536096 -1.0881205 0.6722170 -0.0664835 -0.6017576 -0.4548455 0.6531335
454.000000 1.5357000 -1.0938079 0.6947739 -0.0647541 -0.6159926 -0.4498904 0.6433962
458.000000 1.4767461 -1.1089938 0.7473605 -0.0576681 -0.6303782 -0.4493064 0.6304138
462.000000 1.4197665 -1.1250621 0.8016232 -0.0563608 -0.6404731 -0.4532240 0.6174186
470.000000 1.2810569 -1.2089331 0.8642694 -0.0724896 -0.6305558 -0.4558992 0.6239396
476.000000 1.1870531 -1.2661611 0.8436599 -0.0682825 -0.6271525 -0.4783778 0.6108780
478.000000 1.1571984 -1.2810540 0.8343017 -0.0654059 -0.6383094 -0.4765281 0.6010027
481.000000 1.1113544 -1.3018306 0.8212777 -0.0551913 -0.6483532 -0.4788119 0.5893482
483.000000 1.0939595 -1.3086739 0.8274179 -0.0510031 -0.6463087 -0.4832194 0.5883730
490.000000 1.0301934 -1.2998108 0.8316227 -0.0919180 -0.5979788 -0.5480865 0.5775583
493.000000 0.9973774 -1.2808298 0.8289710 -0.0916371 -0.5689116 -0.5750802 0.5807108
499.000000 0.9514387 -1.2464857 0.8647157 -0.0867388 -0.5324709 -0.6093821 0.5810376
501.000000 0.9449584 -1.2141526 0.8732063 -0.0746839 -0.5200661 -0.6191245 0.5836422
503.000000 0.9444771 -1.1915747 0.8930345 -0.0828254 -0.5191094 -0.6210747 0.5813189
506.000000 0.9338279 -1.1574010 0.9134105 -0.1018353 -0.5033972 -0.6322849 0.5800316
512.000000 0.9451615 -1.0647596 0.9408737 -0.1299234 -0.4782428 -0.6370404 0.5904093
514.000000 0.9555806 -1.0236948 0.9423355 -0.1380407 -0.4755661 -0.6340957 0.5938892
517.000000 0.9702578 -0.9743535 0.9336769 -0.1475542 -0.4763688 -0.6319027 0.5932955
520.000000 0.9898288 -0.9289399 0.9173225 -0.1547614 -0.4721013 -0.6311563 0.5956602
526.000000 1.0257615 -0.8440360 0.8691429 -0.1821502 -0.4565023 -0.6267805 0.6046265
532.000000 1.0512099 -0.7746322 0.8120443 -0.1934548 -0.4558939 -0.6223278 0.6061717
535.000000 1.0557474 -0.7484910 0.7871446 -0.2008107 -0.4504750 -0.6193759 0.6108362
538.000000 1.0571760 -0.7213565 0.7646229 -0.2077306 -0.4469063 -0.6144813 0.6160645
541.000000 1.0568992 -0.7012926 0.7459002 -0.2094765 -0.4391972 -0.6069878 0.6283242
564.000000 1.0178579 -0.6553725 0.6000575 -0.1800115 -0.4274447 -0.5182584 0.7185368
567.000000 1.0197010 -0.6549757 0.5879418 -0.1743417 -0.4163524 -0.5114585 0.7312085
573.000000 1.0320227 -0.6465301 0.5769123 -0.1842104 -0.3867863 -0.4878794 0.7605502
576.000000 1.0359440 -0.6373488 0.5711378 -0.1833588 -0.3666280 -0.4853384 0.7722759
579.000000 1.0343984 -0.6253968 0.5638701 -0.1884821 -0.3465639 -0.4822039 0.7822067
585.000000 1.0216349 -0.6148090 0.5499063 -0.1882477 -0.3348844 -0.4717413 0.7936469
589.000000 1.0202161 -0.6129286 0.5441971 -0.1840367 -0.3403658 -0.4641811 0.7967544
592.000000 1.0127916 -0.6200144 0.5437516 -0.1834639 -0.3382177 -0.4656047 0.7969705
