210.000000 0.0000000 0.0000000 0.0000000 0.0000000 0.0000000 0.0000000 1.0000000
212.000000 -0.0408821 0.0087159 -0.0069199 -0.0030657 0.0038418 -0.0057642 0.9999713
218.000000 -0.1465098 -0.0039604 -0.0086728 -0.0227861 0.0087370 0.0098797 0.9996533
219.000000 -0.1686339 -0.0076046 -0.0111865 -0.0246461 0.0080477 0.0161163 0.9995340
220.000000 -0.1833434 -0.0145936 -0.0094759 -0.0268943 -0.0001786 0.0275340 0.9992590
232.000000 -0.2893563 -0.0620769 0.0409240 -0.0189448 0.0886764 0.0811791 0.9925662
233.000000 -0.3003959 -0.0700437 0.0458797 -0.0224878 0.1025648 0.0837229 0.9909416
241.000000 -0.3926539 -0.0941616 0.0910007 -0.0267303 0.1644180 0.0761690 0.9830822
249.000000 -0.4616283 -0.1437010 0.1576220 -0.0404014 0.1921881 0.0690805 0.9780896
259.000000 -0.4888272 -0.1907976 0.2345969 -0.0393211 0.2014147 0.0364141 0.9780388
261.000000 -0.4850083 -0.2042425 0.2455260 -0.0488885 0.2040101 0.0379676 0.9770098
263.000000 -0.4731846 -0.2066836 0.2432617 -0.0428303 0.2015389 0.0333389 0.9779755
270.000000 -0.4196788 -0.1938506 0.2284344 -0.0438050 0.2252777 0.0457147 0.9722351
272.000000 -0.3993694 -0.1789771 0.2194317 -0.0413605 0.2341823 0.0581831 0.9695683
295.000000 -0.3288966 0.0206847 0.1389276 -0.1746968 0.2085913 0.0540788 0.9607529
298.000000 -0.3264638 0.0404579 0.1134695 -0.1713853 0.1929708 0.0197337 0.9659192
304.000000 -0.2634949 0.0724888 0.0364775 -0.1786123 0.1486424 -0.0194529 0.9724324
310.000000 -0.1911733 0.0749486 -0.0300404 -0.1608098 0.1048375 -0.0581737 0.9796761
314.000000 -0.1341659 0.0735460 -0.0676791 -0.1473427 0.0834546 -0.0828169 0.9820727
326.000000 0.0560420 0.0065938 -0.1277454 -0.1317075 0.0400431 -0.1038131 0.9850241
330.000000 0.1207047 -0.0459068 -0.1521008 -0.1176905 0.0305987 -0.1230612 0.9849206
332.000000 0.1465030 -0.0868295 -0.1655958 -0.1160807 0.0272685 -0.1438610 0.9823878
338.000000 0.2029188 -0.1825791 -0.2143386 -0.1024302 0.0045542 -0.1871415 0.9769675
340.000000 0.2113815 -0.2066710 -0.2338907 -0.0924834 0.0017048 -0.1996956 0.9754822
342.000000 0.2085162 -0.2380147 -0.2511983 -0.0844958 -0.0124587 -0.2034128 0.9753607
344.000000 0.2262987 -0.2434939 -0.2733080 -0.0725302 -0.0452272 -0.2035487 0.9753265
347.000000 0.2600549 -0.2937228 -0.2843032 -0.0811207 -0.0933007 -0.2143029 0.9689111
350.000000 0.2966643 -0.3395138 -0.3015639 -0.0733957 -0.1116069 -0.2371178 0.9622537
352.000000 0.3253928 -0.3649723 -0.3170761 -0.0671602 -0.1193603 -0.2495931 0.9586167
354.000000 0.3486549 -0.4336748 -0.3253874 -0.0718065 -0.1255159 -0.2697791 0.9520025
356.000000 0.3653793 -0.4721487 -0.3443246 -0.0433393 -0.1137888 -0.2871343 0.9501199
360.000000 0.3666782 -0.4985238 -0.3632166 0.0253343 -0.1252637 -0.3441314 0.9301832
362.000000 0.3768439 -0.5025106 -0.3627213 0.0374673 -0.1616196 -0.3646538 0.9162439
364.000000 0.3914138 -0.5331186 -0.3333081 0.0302583 -0.1944100 -0.4008865 0.8947509
368.000000 0.4086041 -0.5565299 -0.2801858 0.0601239 -0.2227013 -0.4592979 0.8578081
370.000000 0.4591619 -0.5300073 -0.2329192 0.0469241 -0.2448201 -0.4875703 0.8367416
372.000000 0.4660301 -0.5391299 -0.1883259 0.0136053 -0.2564278 -0.5068871 0.8228762
374.000000 0.4830365 -0.5468209 -0.1461675 -0.0138004 -0.2669010 -0.5171052 0.8131271
379.000000 0.5486234 -0.5732055 -0.0488898 -0.0723161 -0.3282338 -0.4653185 0.8188478
382.000000 0.6072716 -0.5969005 -0.0001080 -0.0954011 -0.3585223 -0.4371831 0.8192871
385.000000 0.6759811 -0.6178985 0.0410111 -0.0966269 -0.3836235 -0.4072642 0.8231842
388.000000 0.7489321 -0.6377089 0.0857061 -0.0990005 -0.4112629 -0.3754421 0.8246847
395.000000 0.9314128 -0.6579535 0.2011992 -0.0645694 -0.4353519 -0.3256609 0.8368061
403.000000 1.1161318 -0.6408174 0.2515129 -0.0824409 -0.4484687 -0.3331177 0.8252951
406.000000 1.1797568 -0.6806153 0.2721287 -0.0724691 -0.4469747 -0.3575358 0.8167803
408.000000 1.1997658 -0.7011240 0.2710025 -0.0708710 -0.4338046 -0.3714074 0.8178309
411.000000 1.2595783 -0.7200303 0.2847281 -0.0683606 -0.4466638 -0.3756960 0.8091173
413.000000 1.2941481 -0.7399101 0.3065552 -0.0697678 -0.4434787 -0.3783889 0.8094942
418.000000 1.3639863 -0.7880691 0.3643002 -0.0709334 -0.4428830 -0.4075902 0.7954202
420.000000 1.3853559 -0.8064332 0.3858846 -0.0589942 -0.4491867 -0.4154363 0.7887735
422.000000 1.4040496 -0.8218801 0.4051097 -0.0660135 -0.4566819 -0.4178663 0.7826056
424.000000 1.4266078 -0.8410316 0.4206423 -0.0717476 -0.4799356 -0.4152381 0.7694748
436.000000 1.5314617 -0.9499360 0.5273736 -0.0612605 -0.5383998 -0.4503530 0.7096161
438.000000 1.5521239 -0.9647292 0.5426769 -0.0697037 -0.5469846 -0.4559372 0.6986204
448.000000 1.5862821 -1.0622089 0.6334349 -0.0784412 -0.5842428 -0.4634936 0.6615746
452.000000 1.5543382 -1.0880305 0.6756642 -0.0663419 -0.6023877 -0.4545716 0.6527576
454.000000 1.5361822 -1.0935631 0.6984283 -0.0646605 -0.6166446 -0.4495845 0.6429948
458.000000 1.4767013 -1.1090852 0.7512299 -0.0576575 -0.6310413 -0.4490373 0.6299429
462.000000 1.4194556 -1.1248631 0.8051919 -0.0564148 -0.6410903 -0.4528859 0.6170211
470.000000 1.2807299 -1.2082633 0.8676913 -0.0724293 -0.6311392 -0.4555497 0.6236119
476.000000 1.1867639 -1.2655925 0.8470855 -0.0682779 -0.6277601 -0.4779604 0.6105810
478.000000 1.1570582 -1.2808646 0.8373969 -0.0654619 -0.6388504 -0.4761312 0.6007362
481.000000 1.1112738 -1.3014598 0.8246064 -0.0552334 -0.6489280 -0.4783368 0.5890973
483.000000 1.0941132 -1.3083355 0.8307084 -0.0509679 -0.6468928 -0.4827838 0.5880916
490.000000 1.0303870 -1.2996936 0.8344322 -0.0919370 -0.5985077 -0.5477104 0.5773641
493.000000 0.9974912 -1.2810888 0.8318161 -0.0917473 -0.5694749 -0.5747408 0.5804773
499.000000 0.9521656 -1.2457684 0.8679788 -0.0864248 -0.5332216 -0.6088526 0.5809509
501.000000 0.9449756 -1.2142005 0.8762869 -0.0746851 -0.5207560 -0.6188020 0.5833690
503.000000 0.9445025 -1.1913967 0.8957705 -0.0827129 -0.5196938 -0.6208379 0.5810656
506.000000 0.9336951 -1.1573343 0.9160113 -0.1018125 -0.5039567 -0.6320862 0.5797662
512.000000 0.9450938 -1.0651081 0.9436570 -0.1299781 -0.4789257 -0.6368538 0.5900450
514.000000 0.9552763 -1.0243825 0.9454356 -0.1382511 -0.4763865 -0.6339629 0.5933241
517.000000 0.9700269 -0.9750924 0.9364046 -0.1477475 -0.4770804 -0.6318649 0.5927155
520.000000 0.9895903 -0.9296300 0.9198592 -0.1549745 -0.4727211 -0.6311278 0.5951431
523.000000 1.0102580 -0.8853748 0.8965646 -0.1653790 -0.4684633 -0.6268789 0.6001790
526.000000 1.0261290 -0.8445680 0.8714125 -0.1820582 -0.4572769 -0.6270087 0.6038316
532.000000 1.0511926 -0.7749017 0.8147441 -0.1936566 -0.4566067 -0.6223701 0.6055270
535.000000 1.0556602 -0.7486073 0.7898573 -0.2010013 -0.4512415 -0.6193518 0.6102319
538.000000 1.0568322 -0.7214622 0.7677418 -0.2082566 -0.4476596 -0.6142582 0.6155623
541.000000 1.0562167 -0.7002131 0.7487895 -0.2096861 -0.4395562 -0.6068076 0.6281773
544.000000 1.0534438 -0.6847801 0.7268643 -0.2076817 -0.4472769 -0.5915785 0.6378452
547.000000 1.0428708 -0.6725801 0.6995292 -0.1912196 -0.4557259 -0.5796405 0.6478934
550.000000 1.0359867 -0.6698176 0.6774489 -0.1824636 -0.4627325 -0.5595638 0.6629283
