210.000000 0.0000000 0.0000000 0.0000000 0.0000000 0.0000000 0.0000000 1.0000000
211.000000 -0.0211893 0.0039774 -0.0046366 0.0000697 0.0021678 -0.0027064 0.9999940
212.000000 -0.0423293 0.0087002 -0.0074497 -0.0030983 0.0039803 -0.0053489 0.9999729
218.000000 -0.1513129 -0.0043425 -0.0088542 -0.0228829 0.0092235 0.0101500 0.9996441
219.000000 -0.1740948 -0.0084107 -0.0115481 -0.0248486 0.0085426 0.0164969 0.9995186
220.000000 -0.1894416 -0.0164119 -0.0095789 -0.0273907 0.0004088 0.0283670 0.9992222
232.000000 -0.2995694 -0.0650855 0.0429354 -0.0194996 0.0901782 0.0815288 0.9923914
233.000000 -0.3114019 -0.0734778 0.0482255 -0.0231250 0.1043503 0.0840454 0.9907132
241.000000 -0.4063771 -0.0980624 0.0955998 -0.0273491 0.1666212 0.0764286 0.9826739
249.000000 -0.4774655 -0.1488773 0.1651633 -0.0411740 0.1949283 0.0692249 0.9775048
259.000000 -0.5049796 -0.1963345 0.2445912 -0.0399523 0.2042463 0.0362426 0.9774322
261.000000 -0.5010901 -0.2104805 0.2558006 -0.0497029 0.2068731 0.0379009 0.9763691
263.000000 -0.4889482 -0.2130249 0.2531815 -0.0437081 0.2043459 0.0332118 0.9773583
270.000000 -0.4342651 -0.1998663 0.2373970 -0.0445755 0.2280110 0.0455636 0.9715698
272.000000 -0.4128887 -0.1847443 0.2279700 -0.0421795 0.2365786 0.0581496 0.9689531
295.000000 -0.3399596 0.0205165 0.1438452 -0.1749674 0.2100738 0.0545518 0.9603539
298.000000 -0.3373444 0.0410564 0.1175243 -0.1715393 0.1942783 0.0201293 0.9656216
304.000000 -0.2725148 0.0737224 0.0377467 -0.1789223 0.1496198 -0.0189664 0.9722350
310.000000 -0.1977853 0.0764554 -0.0310225 -0.1610331 0.1054808 -0.0577573 0.9795949
314.000000 -0.1387344 0.0749160 -0.0699999 -0.1475838 0.0837559 -0.0822859 0.9820555
326.000000 0.0580289 0.0068735 -0.1309323 -0.1315924 0.0397240 -0.1036278 0.9850720
330.000000 0.1243734 -0.0467403 -0.1555094 -0.1174698 0.0302964 -0.1230707 0.9849551
332.000000 0.1508503 -0.0885196 -0.1690490 -0.1157869 0.0270804 -0.1437420 0.9824451
338.000000 0.2099092 -0.1865818 -0.2185791 -0.1020139 0.0037549 -0.1871314 0.9770163
340.000000 0.2185335 -0.2111216 -0.2384762 -0.0920534 0.0009779 -0.1995790 0.9755478
342.000000 0.2154523 -0.2444216 -0.2564557 -0.0846491 -0.0132372 -0.2032927 0.9753622
344.000000 0.2334852 -0.2512097 -0.2794261 -0.0731669 -0.0459491 -0.2033365 0.9752895
347.000000 0.2685660 -0.3032392 -0.2901237 -0.0818753 -0.0943490 -0.2142248 0.9687634
350.000000 0.3069489 -0.3513313 -0.3078364 -0.0744715 -0.1130308 -0.2368933 0.9620601
352.000000 0.3368538 -0.3782810 -0.3235679 -0.0684704 -0.1210112 -0.2492044 0.9584181
354.000000 0.3633442 -0.4526496 -0.3296764 -0.0742297 -0.1283683 -0.2692542 0.9515848
356.000000 0.3799533 -0.4912519 -0.3485954 -0.0456404 -0.1165961 -0.2867827 0.9497778
358.000000 0.3816609 -0.5165546 -0.3597934 -0.0039860 -0.1144018 -0.3117962 0.9432282
360.000000 0.3813316 -0.5184927 -0.3661493 0.0232853 -0.1283276 -0.3433130 0.9301215
