210.000000 0.0000000 0.0000000 0.0000000 0.0000000 0.0000000 0.0000000 1.0000000
212.000000 -0.0408821 0.0087159 -0.0069199 -0.0030657 0.0038418 -0.0057642 0.9999713
218.000000 -0.1465098 -0.0039604 -0.0086728 -0.0227861 0.0087370 0.0098797 0.9996533
219.000000 -0.1686339 -0.0076046 -0.0111865 -0.0246461 0.0080477 0.0161163 0.9995340
220.000000 -0.1833434 -0.0145936 -0.0094759 -0.0268943 -0.0001786 0.0275340 0.9992590
232.000000 -0.2893563 -0.0620769 0.0409240 -0.0189448 0.0886764 0.0811791 0.9925662
233.000000 -0.3003959 -0.0700437 0.0458797 -0.0224878 0.1025648 0.0837229 0.9909416
241.000000 -0.3926539 -0.0941616 0.0910007 -0.0267303 0.1644180 0.0761690 0.9830822
249.000000 -0.4616283 -0.1437010 0.1576220 -0.0404014 0.1921881 0.0690805 0.9780896
259.000000 -0.4888272 -0.1907976 0.2345969 -0.0393211 0.2014147 0.0364141 0.9780388
261.000000 -0.4850083 -0.2042425 0.2455260 -0.0488885 0.2040101 0.0379676 0.9770098
263.000000 -0.4731846 -0.2066836 0.2432617 -0.0428303 0.2015389 0.0333389 0.9779755
270.000000 -0.4196788 -0.1938506 0.2284344 -0.0438050 0.2252777 0.0457147 0.9722351
272.000000 -0.3993694 -0.1789771 0.2194317 -0.0413605 0.2341823 0.0581831 0.9695683
295.000000 -0.3288966 0.0206847 0.1389276 -0.1746968 0.2085913 0.0540788 0.9607529
298.000000 -0.3264638 0.0404579 0.1134695 -0.1713853 0.1929708 0.0197337 0.9659192
304.000000 -0.2634949 0.0724888 0.0364775 -0.1786123 0.1486424 -0.0194529 0.9724324
310.000000 -0.1911733 0.0749486 -0.0300404 -0.1608098 0.1048375 -0.0581737 0.9796761
314.000000 -0.1341659 0.0735460 -0.0676791 -0.1473427 0.0834546 -0.0828169 0.9820727
326.000000 0.0560420 0.0065938 -0.1277454 -0.1317075 0.0400431 -0.1038131 0.9850241
330.000000 0.1207047 -0.0459068 -0.1521008 -0.1176905 0.0305987 -0.1230612 0.9849206
332.000000 0.1465030 -0.0868295 -0.1655958 -0.1160807 0.0272685 -0.1438610 0.9823878
338.000000 0.2029188 -0.1825791 -0.2143386 -0.1024302 0.0045542 -0.1871415 0.9769675
340.000000 0.2113815 -0.2066710 -0.2338907 -0.0924834 0.0017048 -0.1996956 0.9754822
342.000000 0.2085162 -0.2380147 -0.2511983 -0.0844958 -0.0124587 -0.2034128 0.9753607
344.000000 0.2262987 -0.2434939 -0.2733080 -0.0725302 -0.0452272 -0.2035487 0.9753265
347.000000 0.2600549 -0.2937228 -0.2843032 -0.0811207 -0.0933007 -0.2143029 0.9689111
350.000000 0.2966643 -0.3395138 -0.3015639 -0.0733957 -0.1116069 -0.2371178 0.9622537
352.000000 0.3253928 -0.3649723 -0.3170761 -0.0671602 -0.1193603 -0.2495931 0.9586167
354.000000 0.3486549 -0.4336748 -0.3253874 -0.0718065 -0.1255159 -0.2697791 0.9520025
356.000000 0.3653793 -0.4721487 -0.3443246 -0.0433393 -0.1137888 -0.2871343 0.9501199
360.000000 0.3666782 -0.4985238 -0.3632166 0.0253343 -0.1252637 -0.3441314 0.9301832
362.000000 0.3768439 -0.5025106 -0.3627213 0.0374673 -0.1616196 -0.3646538 0.9162439
364.000000 0.3914138 -0.5331186 -0.3333081 0.0302583 -0.1944100 -0.4008865 0.8947509
368.000000 0.4086041 -0.5565299 -0.2801858 0.0601239 -0.2227013 -0.4592979 0.8578081
370.000000 0.4591619 -0.5300073 -0.2329192 0.0469241 -0.2448201 -0.4875703 0.8367416
372.000000 0.4660301 -0.5391299 -0.1883259 0.0136053 -0.2564278 -0.5068871 0.8228762
374.000000 0.4830365 -0.5468209 -0.1461675 -0.0138004 -0.2669010 -0.5171052 0.8131271
379.000000 0.5486234 -0.5732055 -0.0488898 -0.0723161 -0.3282338 -0.4653185 0.8188478
382.000000 0.6072716 -0.5969005 -0.0001080 -0.0954011 -0.3585223 -0.4371831 0.8192871
385.000000 0.6759811 -0.6178985 0.0410111 -0.0966269 -0.3836235 -0.4072642 0.8231842
388.000000 0.7489321 -0.6377089 0.0857061 -0.0990005 -0.4112629 -0.3754421 0.8246847
395.000000 0.9314128 -0.6579535 0.2011992 -0.0645694 -0.4353519 -0.3256609 0.8368061
403.000000 1.1162050 -0.6401844 0.2515007 -0.0822045 -0.4484148 -0.3331502 0.8253348
406.000000 1.1802175 -0.6805727 0.2719545 -0.0722696 -0.4469418 -0.3576986 0.8167446
408.000000 1.2007048 -0.7012118 0.2708372 -0.0706965 -0.4338453 -0.3714516 0.8178043
411.000000 1.2613145 -0.7212570 0.2849395 -0.0683557 -0.4469821 -0.3758093 0.8088893
413.000000 1.2951229 -0.7403165 0.3069920 -0.0697007 -0.4436531 -0.3784874 0.8093584
418.000000 1.3648770 -0.7877815 0.3663432 -0.0708949 -0.4434867 -0.4072102 0.7952819
420.000000 1.3857107 -0.8069666 0.3864728 -0.0590808 -0.4492997 -0.4154927 0.7886729
422.000000 1.4046218 -0.8229823 0.4047070 -0.0660993 -0.4565084 -0.4181280 0.7825599
424.000000 1.4277984 -0.8411157 0.4217072 -0.0716430 -0.4802550 -0.4150469 0.7693884
434.000000 1.5134343 -0.9347470 0.5123154 -0.0650065 -0.5271102 -0.4454264 0.7207803
436.000000 1.5321778 -0.9504398 0.5291396 -0.0612656 -0.5387488 -0.4503416 0.7093580
438.000000 1.5526817 -0.9659670 0.5448477 -0.0698876 -0.5474773 -0.4559657 0.6981974
448.000000 1.5866964 -1.0623109 0.6371933 -0.0782629 -0.5850550 -0.4632891 0.6610210
452.000000 1.5543758 -1.0863136 0.6795273 -0.0657855 -0.6031925 -0.4542802 0.6522734
454.000000 1.5360129 -1.0920578 0.7024097 -0.0642706 -0.6174891 -0.4492232 0.6424757
458.000000 1.4762473 -1.1078207 0.7558372 -0.0572951 -0.6320035 -0.4486678 0.6292742
462.000000 1.4188735 -1.1232598 0.8097842 -0.0560164 -0.6420666 -0.4524926 0.6163303
470.000000 1.2801545 -1.2065164 0.8731033 -0.0723369 -0.6323743 -0.4549023 0.6228434
476.000000 1.1859384 -1.2647879 0.8526939 -0.0682216 -0.6290594 -0.4774899 0.6096174
478.000000 1.1558974 -1.2789509 0.8436664 -0.0653622 -0.6402487 -0.4754963 0.5997605
481.000000 1.1099936 -1.2995857 0.8310643 -0.0553654 -0.6503201 -0.4775615 0.5881780
483.000000 1.0930057 -1.3059269 0.8372597 -0.0510395 -0.6483266 -0.4819127 0.5872204
490.000000 1.0309218 -1.2963409 0.8407289 -0.0917098 -0.6000559 -0.5465486 0.5768941
493.000000 0.9989395 -1.2778896 0.8398427 -0.0914734 -0.5716074 -0.5731435 0.5800036
496.000000 0.9773092 -1.2581033 0.8557000 -0.0962796 -0.5588341 -0.5862722 0.5785495
499.000000 0.9546777 -1.2405131 0.8759151 -0.0855957 -0.5355751 -0.6068056 0.5810506
501.000000 0.9473433 -1.2099997 0.8822472 -0.0740510 -0.5225321 -0.6170974 0.5836672
503.000000 0.9458437 -1.1868398 0.8998220 -0.0819421 -0.5207029 -0.6197580 0.5814241
506.000000 0.9367138 -1.1535592 0.9214774 -0.1010352 -0.5060067 -0.6301169 0.5802602
508.000000 0.9356011 -1.1256871 0.9309016 -0.1065963 -0.4935550 -0.6343178 0.5853902
510.000000 0.9407266 -1.0899374 0.9383410 -0.1143605 -0.4825225 -0.6355624 0.5917382
512.000000 0.9442019 -1.0629292 0.9429934 -0.1283205 -0.4781252 -0.6377553 0.5900833
