210.000000 0.0000000 0.0000000 0.0000000 0.0000000 0.0000000 0.0000000 1.0000000
211.000000 -0.0200455 0.0046275 -0.0033095 0.0005263 0.0018526 -0.0026604 0.9999946
212.000000 -0.0410243 0.0093851 -0.0062675 -0.0025623 0.0037065 -0.0050890 0.9999769
214.000000 -0.0780525 0.0053375 -0.0069425 -0.0127172 0.0025568 -0.0012562 0.9999151
218.000000 -0.1475300 -0.0030106 -0.0053416 -0.0222671 0.0088853 0.0101092 0.9996614
219.000000 -0.1701851 -0.0061694 -0.0073883 -0.0237161 0.0082266 0.0164520 0.9995495
220.000000 -0.1853636 -0.0137576 -0.0049485 -0.0261550 0.0000750 0.0284139 0.9992540
228.000000 -0.2584237 -0.0436540 0.0351445 -0.0165014 0.0316164 0.0566301 0.9977580
232.000000 -0.2931094 -0.0571347 0.0519320 -0.0163061 0.0905098 0.0797507 0.9925633
233.000000 -0.3045562 -0.0653836 0.0577813 -0.0198983 0.1046761 0.0826588 0.9908655
239.000000 -0.3703445 -0.0839849 0.0900069 -0.0206422 0.1555348 0.0800371 0.9843662
241.000000 -0.3937595 -0.0867587 0.1041838 -0.0229714 0.1655422 0.0744440 0.9831206
247.000000 -0.4459508 -0.1282423 0.1546766 -0.0381264 0.1933304 0.0670711 0.9780957
249.000000 -0.4616839 -0.1337197 0.1717950 -0.0357901 0.1933236 0.0664062 0.9782307
255.000000 -0.4852682 -0.1663265 0.2173456 -0.0271402 0.1929405 0.0456190 0.9797736
259.000000 -0.4868947 -0.1788235 0.2469636 -0.0337385 0.2016019 0.0334843 0.9783134
261.000000 -0.4839259 -0.1921222 0.2582294 -0.0431876 0.2046816 0.0348347 0.9772547
263.000000 -0.4732991 -0.1933983 0.2567032 -0.0365621 0.2028643 0.0301871 0.9780583
266.000000 -0.4570466 -0.1961081 0.2540796 -0.0337486 0.2193057 0.0250734 0.9747499
