210.000000 0.0000000 0.0000000 0.0000000 0.0000000 0.0000000 0.0000000 1.0000000
212.000000 -0.0408821 0.0087159 -0.0069199 -0.0030657 0.0038418 -0.0057642 0.9999713
218.000000 -0.1465098 -0.0039604 -0.0086728 -0.0227861 0.0087370 0.0098797 0.9996533
219.000000 -0.1686339 -0.0076046 -0.0111865 -0.0246461 0.0080477 0.0161163 0.9995340
220.000000 -0.1833434 -0.0145936 -0.0094759 -0.0268943 -0.0001786 0.0275340 0.9992590
232.000000 -0.2893563 -0.0620769 0.0409240 -0.0189448 0.0886764 0.0811791 0.9925662
233.000000 -0.3003959 -0.0700437 0.0458797 -0.0224878 0.1025648 0.0837229 0.9909416
241.000000 -0.3926539 -0.0941616 0.0910007 -0.0267303 0.1644180 0.0761690 0.9830822
249.000000 -0.4616283 -0.1437010 0.1576220 -0.0404014 0.1921881 0.0690805 0.9780896
259.000000 -0.4888272 -0.1907976 0.2345969 -0.0393211 0.2014147 0.0364141 0.9780388
261.000000 -0.4850083 -0.2042425 0.2455260 -0.0488885 0.2040101 0.0379676 0.9770098
263.000000 -0.4731846 -0.2066836 0.2432617 -0.0428303 0.2015389 0.0333389 0.9779755
270.000000 -0.4196788 -0.1938506 0.2284344 -0.0438050 0.2252777 0.0457147 0.9722351
272.000000 -0.3993694 -0.1789771 0.2194317 -0.0413605 0.2341823 0.0581831 0.9695683
295.000000 -0.3288966 0.0206847 0.1389276 -0.1746968 0.2085913 0.0540788 0.9607529
298.000000 -0.3264638 0.0404579 0.1134695 -0.1713853 0.1929708 0.0197337 0.9659192
304.000000 -0.2634949 0.0724888 0.0364775 -0.1786123 0.1486424 -0.0194529 0.9724324
310.000000 -0.1911733 0.0749486 -0.0300404 -0.1608098 0.1048375 -0.0581737 0.9796761
314.000000 -0.1341659 0.0735460 -0.0676791 -0.1473427 0.0834546 -0.0828169 0.9820727
326.000000 0.0560420 0.0065938 -0.1277454 -0.1317075 0.0400431 -0.1038131 0.9850241
330.000000 0.1207047 -0.0459068 -0.1521008 -0.1176905 0.0305987 -0.1230612 0.9849206
332.000000 0.1465030 -0.0868295 -0.1655958 -0.1160807 0.0272685 -0.1438610 0.9823878
338.000000 0.2029188 -0.1825791 -0.2143386 -0.1024302 0.0045542 -0.1871415 0.9769675
340.000000 0.2113815 -0.2066710 -0.2338907 -0.0924834 0.0017048 -0.1996956 0.9754822
342.000000 0.2085162 -0.2380147 -0.2511983 -0.0844958 -0.0124587 -0.2034128 0.9753607
344.000000 0.2262987 -0.2434939 -0.2733080 -0.0725302 -0.0452272 -0.2035487 0.9753265
347.000000 0.2600549 -0.2937228 -0.2843032 -0.0811207 -0.0933007 -0.2143029 0.9689111
350.000000 0.2966643 -0.3395138 -0.3015639 -0.0733957 -0.1116069 -0.2371178 0.9622537
352.000000 0.3253928 -0.3649723 -0.3170761 -0.0671602 -0.1193603 -0.2495931 0.9586167
354.000000 0.3486549 -0.4336748 -0.3253874 -0.0718065 -0.1255159 -0.2697791 0.9520025
356.000000 0.3653793 -0.4721487 -0.3443246 -0.0433393 -0.1137888 -0.2871343 0.9501199
360.000000 0.3666782 -0.4985238 -0.3632166 0.0253343 -0.1252637 -0.3441314 0.9301832
362.000000 0.3768439 -0.5025106 -0.3627213 0.0374673 -0.1616196 -0.3646538 0.9162439
364.000000 0.3914138 -0.5331186 -0.3333081 0.0302583 -0.1944100 -0.4008865 0.8947509
368.000000 0.4086041 -0.5565299 -0.2801858 0.0601239 -0.2227013 -0.4592979 0.8578081
370.000000 0.4591619 -0.5300073 -0.2329192 0.0469241 -0.2448201 -0.4875703 0.8367416
372.000000 0.4660301 -0.5391299 -0.1883259 0.0136053 -0.2564278 -0.5068871 0.8228762
374.000000 0.4830365 -0.5468209 -0.1461675 -0.0138004 -0.2669010 -0.5171052 0.8131271
379.000000 0.5486234 -0.5732055 -0.0488898 -0.0723161 -0.3282338 -0.4653185 0.8188478
382.000000 0.6072716 -0.5969005 -0.0001080 -0.0954011 -0.3585223 -0.4371831 0.8192871
385.000000 0.6759811 -0.6178985 0.0410111 -0.0966269 -0.3836235 -0.4072642 0.8231842
388.000000 0.7489321 -0.6377089 0.0857061 -0.0990005 -0.4112629 -0.3754421 0.8246847
395.000000 0.9299573 -0.6564323 0.2006685 -0.0643247 -0.4349155 -0.3257990 0.8369981
403.000000 1.1154058 -0.6410745 0.2507449 -0.0825076 -0.4482238 -0.3333490 0.8253281
406.000000 1.1780447 -0.6796609 0.2713379 -0.0724069 -0.4465843 -0.3576104 0.8169666
408.000000 1.1988673 -0.7005859 0.2705505 -0.0708668 -0.4335907 -0.3714173 0.8179402
411.000000 1.2583107 -0.7196047 0.2837986 -0.0683725 -0.4463198 -0.3758169 0.8092500
413.000000 1.2930911 -0.7396017 0.3055774 -0.0697667 -0.4431557 -0.3785422 0.8095996
418.000000 1.3629620 -0.7877102 0.3636310 -0.0709051 -0.4426550 -0.4077537 0.7954659
420.000000 1.3841796 -0.8058807 0.3846684 -0.0589933 -0.4488266 -0.4155613 0.7889128
422.000000 1.4029286 -0.8211888 0.4041764 -0.0660337 -0.4564012 -0.4178785 0.7827612
424.000000 1.4256963 -0.8403475 0.4196345 -0.0717390 -0.4796925 -0.4152438 0.7696241
436.000000 1.5304966 -0.9493973 0.5257419 -0.0612915 -0.5380542 -0.4504394 0.7098206
438.000000 1.5510019 -0.9646778 0.5410057 -0.0698406 -0.5466437 -0.4560830 0.6987784
448.000000 1.5856788 -1.0621059 0.6312145 -0.0784711 -0.5838669 -0.4636634 0.6617839
452.000000 1.5536394 -1.0879889 0.6737351 -0.0663880 -0.6020576 -0.4547819 0.6529110
454.000000 1.5354468 -1.0933994 0.6964250 -0.0647200 -0.6163048 -0.4497572 0.6431938
458.000000 1.4764304 -1.1086680 0.7488884 -0.0576436 -0.6306676 -0.4491867 0.6302118
462.000000 1.4191594 -1.1244421 0.8031800 -0.0563379 -0.6407695 -0.4530846 0.6172154
470.000000 1.2807391 -1.2081906 0.8655906 -0.0724329 -0.6308230 -0.4557418 0.6237910
476.000000 1.1868191 -1.2653321 0.8449703 -0.0682272 -0.6274149 -0.4781887 0.6107628
478.000000 1.1570956 -1.2802317 0.8357160 -0.0653575 -0.6385943 -0.4762937 0.6008911
481.000000 1.1111631 -1.3010365 0.8227204 -0.0552087 -0.6486340 -0.4785328 0.5892642
483.000000 1.0939826 -1.3075900 0.8289708 -0.0509119 -0.6466162 -0.4829299 0.5882806
490.000000 1.0303020 -1.2987875 0.8331068 -0.0918425 -0.5983087 -0.5477750 0.5775242
493.000000 0.9973663 -1.2801390 0.8303771 -0.0916595 -0.5692288 -0.5748137 0.5806603
499.000000 0.9515678 -1.2458081 0.8659366 -0.0866947 -0.5327818 -0.6091687 0.5809829
501.000000 0.9449826 -1.2136080 0.8744555 -0.0746780 -0.5203941 -0.6189306 0.5835564
503.000000 0.9446696 -1.1907502 0.8941846 -0.0827085 -0.5194222 -0.6208402 0.5813066
506.000000 0.9338703 -1.1566930 0.9144940 -0.1017587 -0.5036824 -0.6321201 0.5799770
512.000000 0.9450296 -1.0641812 0.9417884 -0.1299005 -0.4784345 -0.6370026 0.5902998
514.000000 0.9552788 -1.0234818 0.9433277 -0.1381022 -0.4758196 -0.6341216 0.5936440
517.000000 0.9700100 -0.9742920 0.9345275 -0.1476264 -0.4766136 -0.6320024 0.5929747
520.000000 0.9894651 -0.9287503 0.9182318 -0.1548435 -0.4722972 -0.6312339 0.5954012
526.000000 1.0254911 -0.8438915 0.8699555 -0.1821494 -0.4566626 -0.6270302 0.6042466
532.000000 1.0508722 -0.7740320 0.8129959 -0.1933166 -0.4559831 -0.6224747 0.6059979
535.000000 1.0555724 -0.7480626 0.7880760 -0.2005545 -0.4505844 -0.6195099 0.6107038
538.000000 1.0572001 -0.7210082 0.7654517 -0.2074611 -0.4469893 -0.6145523 0.6160243
541.000000 1.0564322 -0.7005463 0.7468578 -0.2091923 -0.4391302 -0.6072065 0.6282543
564.000000 1.0184878 -0.6560757 0.6022992 -0.1803769 -0.4286155 -0.5176218 0.7182065
567.000000 1.0205042 -0.6557273 0.5904318 -0.1747330 -0.4177264 -0.5107120 0.7308531
570.000000 1.0254400 -0.6561625 0.5841674 -0.1767903 -0.4041461 -0.4985662 0.7462190
573.000000 1.0329441 -0.6471952 0.5787109 -0.1843920 -0.3879596 -0.4874244 0.7602003
576.000000 1.0363253 -0.6382846 0.5730075 -0.1838734 -0.3675970 -0.4851435 0.7718154
579.000000 1.0346259 -0.6274030 0.5652014 -0.1895127 -0.3474597 -0.4824898 0.7813836
582.000000 1.0270219 -0.6173087 0.5571461 -0.1961777 -0.3363007 -0.4785735 0.7870092
585.000000 1.0232230 -0.6172128 0.5521754 -0.1892721 -0.3369276 -0.4711292 0.7929018
