210.000000 0.0000000 0.0000000 0.0000000 0.0000000 0.0000000 0.0000000 1.0000000
212.000000 -0.0408821 0.0087159 -0.0069199 -0.0030657 0.0038418 -0.0057642 0.9999713
218.000000 -0.1465098 -0.0039604 -0.0086728 -0.0227861 0.0087370 0.0098797 0.9996533
219.000000 -0.1686339 -0.0076046 -0.0111865 -0.0246461 0.0080477 0.0161163 0.9995340
220.000000 -0.1833434 -0.0145936 -0.0094759 -0.0268943 -0.0001786 0.0275340 0.9992590
232.000000 -0.2893563 -0.0620769 0.0409240 -0.0189448 0.0886764 0.0811791 0.9925662
233.000000 -0.3003959 -0.0700437 0.0458797 -0.0224878 0.1025648 0.0837229 0.9909416
241.000000 -0.3926539 -0.0941616 0.0910007 -0.0267303 0.1644180 0.0761690 0.9830822
249.000000 -0.4616283 -0.1437010 0.1576220 -0.0404014 0.1921881 0.0690805 0.9780896
259.000000 -0.4888272 -0.1907976 0.2345969 -0.0393211 0.2014147 0.0364141 0.9780388
261.000000 -0.4850083 -0.2042425 0.2455260 -0.0488885 0.2040101 0.0379676 0.9770098
263.000000 -0.4731846 -0.2066836 0.2432617 -0.0428303 0.2015389 0.0333389 0.9779755
270.000000 -0.4196788 -0.1938506 0.2284344 -0.0438050 0.2252777 0.0457147 0.9722351
272.000000 -0.3993694 -0.1789771 0.2194317 -0.0413605 0.2341823 0.0581831 0.9695683
295.000000 -0.3288966 0.0206847 0.1389276 -0.1746968 0.2085913 0.0540788 0.9607529
298.000000 -0.3264638 0.0404579 0.1134695 -0.1713853 0.1929708 0.0197337 0.9659192
304.000000 -0.2634949 0.0724888 0.0364775 -0.1786123 0.1486424 -0.0194529 0.9724324
310.000000 -0.1911733 0.0749486 -0.0300404 -0.1608098 0.1048375 -0.0581737 0.9796761
314.000000 -0.1341659 0.0735460 -0.0676791 -0.1473427 0.0834546 -0.0828169 0.9820727
326.000000 0.0560420 0.0065938 -0.1277454 -0.1317075 0.0400431 -0.1038131 0.9850241
330.000000 0.1207047 -0.0459068 -0.1521008 -0.1176905 0.0305987 -0.1230612 0.9849206
332.000000 0.1465030 -0.0868295 -0.1655958 -0.1160807 0.0272685 -0.1438610 0.9823878
338.000000 0.2029188 -0.1825791 -0.2143386 -0.1024302 0.0045542 -0.1871415 0.9769675
340.000000 0.2113815 -0.2066710 -0.2338907 -0.0924834 0.0017048 -0.1996956 0.9754822
342.000000 0.2085162 -0.2380147 -0.2511983 -0.0844958 -0.0124587 -0.2034128 0.9753607
344.000000 0.2262987 -0.2434939 -0.2733080 -0.0725302 -0.0452272 -0.2035487 0.9753265
347.000000 0.2600549 -0.2937228 -0.2843032 -0.0811207 -0.0933007 -0.2143029 0.9689111
350.000000 0.2966643 -0.3395138 -0.3015639 -0.0733957 -0.1116069 -0.2371178 0.9622537
352.000000 0.3253928 -0.3649723 -0.3170761 -0.0671602 -0.1193603 -0.2495931 0.9586167
354.000000 0.3486549 -0.4336748 -0.3253874 -0.0718065 -0.1255159 -0.2697791 0.9520025
356.000000 0.3653793 -0.4721487 -0.3443246 -0.0433393 -0.1137888 -0.2871343 0.9501199
360.000000 0.3666782 -0.4985238 -0.3632166 0.0253343 -0.1252637 -0.3441314 0.9301832
362.000000 0.3768439 -0.5025106 -0.3627213 0.0374673 -0.1616196 -0.3646538 0.9162439
364.000000 0.3914138 -0.5331186 -0.3333081 0.0302583 -0.1944100 -0.4008865 0.8947509
368.000000 0.4086041 -0.5565299 -0.2801858 0.0601239 -0.2227013 -0.4592979 0.8578081
370.000000 0.4591619 -0.5300073 -0.2329192 0.0469241 -0.2448201 -0.4875703 0.8367416
372.000000 0.4661511 -0.5391718 -0.1884244 0.0136082 -0.2564346 -0.5068728 0.8228828
374.000000 0.4831433 -0.5467533 -0.1460684 -0.0137640 -0.2669389 -0.5170798 0.8131314
379.000000 0.5474781 -0.5720223 -0.0498984 -0.0720522 -0.3275970 -0.4657037 0.8189070
382.000000 0.6055614 -0.5956720 -0.0015122 -0.0950791 -0.3577189 -0.4379767 0.8192518
385.000000 0.6748375 -0.6172154 0.0396540 -0.0964013 -0.3830299 -0.4078182 0.8232127
388.000000 0.7490604 -0.6374568 0.0851414 -0.0988252 -0.4111680 -0.3755791 0.8246907
391.000000 0.8206096 -0.6505058 0.1304411 -0.0934845 -0.4299675 -0.3468517 0.8283010
395.000000 0.9316550 -0.6594235 0.2004358 -0.0652966 -0.4351391 -0.3254436 0.8369449
398.000000 1.0093031 -0.6393368 0.2274800 -0.0455776 -0.4334595 -0.3228920 0.8401049
401.000000 1.0746326 -0.6362218 0.2422999 -0.0627921 -0.4383920 -0.3240875 0.8359647
403.000000 1.1180465 -0.6442235 0.2471900 -0.0836828 -0.4475329 -0.3323380 0.8259921
406.000000 1.1835604 -0.6849793 0.2700647 -0.0737012 -0.4470012 -0.3567364 0.8170050
408.000000 1.2043169 -0.7045850 0.2699549 -0.0718561 -0.4340827 -0.3701867 0.8181508
411.000000 1.2652593 -0.7253435 0.2841451 -0.0696844 -0.4472693 -0.3746624 0.8091491
413.000000 1.3005461 -0.7447127 0.3078678 -0.0708657 -0.4445527 -0.3776004 0.8091779
415.000000 1.3240254 -0.7699437 0.3353130 -0.0821554 -0.4402672 -0.3893380 0.8048797
418.000000 1.3712626 -0.7921525 0.3690396 -0.0720108 -0.4447760 -0.4061326 0.7950126
420.000000 1.3923357 -0.8139646 0.3883905 -0.0607357 -0.4503704 -0.4146397 0.7883855
422.000000 1.4112484 -0.8325736 0.4062598 -0.0684261 -0.4575213 -0.4178050 0.7819406
