210.000000 0.0000000 0.0000000 0.0000000 0.0000000 0.0000000 0.0000000 1.0000000
212.000000 -0.0408321 0.0087815 -0.0068836 -0.0030258 0.0038161 -0.0057756 0.9999714
218.000000 -0.1464377 -0.0040227 -0.0086919 -0.0228152 0.0086973 0.0099340 0.9996525
219.000000 -0.1685687 -0.0075661 -0.0111993 -0.0246208 0.0080126 0.0161386 0.9995345
220.000000 -0.1832557 -0.0145550 -0.0094887 -0.0268678 -0.0002228 0.0275564 0.9992591
232.000000 -0.2893563 -0.0620769 0.0409240 -0.0189448 0.0886764 0.0811791 0.9925662
233.000000 -0.3003991 -0.0700355 0.0458661 -0.0224779 0.1025655 0.0837366 0.9909406
241.000000 -0.3926808 -0.0941689 0.0909999 -0.0267293 0.1644317 0.0761803 0.9830790
249.000000 -0.4616485 -0.1437253 0.1576220 -0.0404113 0.1921992 0.0690895 0.9780864
259.000000 -0.4888272 -0.1907976 0.2345969 -0.0393211 0.2014147 0.0364141 0.9780388
261.000000 -0.4850083 -0.2042425 0.2455260 -0.0488885 0.2040101 0.0379676 0.9770098
263.000000 -0.4731846 -0.2066836 0.2432617 -0.0428303 0.2015389 0.0333389 0.9779755
270.000000 -0.4196788 -0.1938506 0.2284344 -0.0438050 0.2252777 0.0457147 0.9722351
272.000000 -0.3993694 -0.1789771 0.2194317 -0.0413605 0.2341823 0.0581831 0.9695683
295.000000 -0.3288966 0.0206847 0.1389276 -0.1746968 0.2085913 0.0540788 0.9607529
298.000000 -0.3264638 0.0404579 0.1134695 -0.1713853 0.1929708 0.0197337 0.9659192
304.000000 -0.2634949 0.0724888 0.0364775 -0.1786123 0.1486424 -0.0194529 0.9724324
310.000000 -0.1911733 0.0749486 -0.0300404 -0.1608098 0.1048375 -0.0581737 0.9796761
314.000000 -0.1341659 0.0735460 -0.0676791 -0.1473427 0.0834546 -0.0828169 0.9820727
326.000000 0.0559717 0.0065752 -0.1277678 -0.1317172 0.0400835 -0.1038410 0.9850183
330.000000 0.1206987 -0.0458161 -0.1521035 -0.1176260 0.0306150 -0.1231452 0.9849173
332.000000 0.1464720 -0.0868035 -0.1656039 -0.1160585 0.0272913 -0.1438747 0.9823878
338.000000 0.2031363 -0.1827181 -0.2142619 -0.1024672 0.0044427 -0.1871442 0.9769635
340.000000 0.2114493 -0.2067808 -0.2337736 -0.0925328 0.0016795 -0.1996862 0.9754795
342.000000 0.2089936 -0.2379099 -0.2508812 -0.0844370 -0.0126382 -0.2033266 0.9753814
344.000000 0.2263967 -0.2437782 -0.2733521 -0.0726105 -0.0453008 -0.2035692 0.9753128
347.000000 0.2604922 -0.2939511 -0.2841168 -0.0811758 -0.0934815 -0.2141599 0.9689206
350.000000 0.2970491 -0.3394780 -0.3014421 -0.0733476 -0.1117559 -0.2370702 0.9622518
352.000000 0.3260970 -0.3652761 -0.3168297 -0.0672213 -0.1196493 -0.2494379 0.9586167
354.000000 0.3494903 -0.4334099 -0.3246567 -0.0717377 -0.1258373 -0.2696347 0.9520062
356.000000 0.3661786 -0.4723017 -0.3437917 -0.0434274 -0.1141283 -0.2868635 0.9501569
360.000000 0.3672039 -0.4988661 -0.3623727 0.0252150 -0.1255653 -0.3440000 0.9301944
362.000000 0.3775363 -0.5028745 -0.3619167 0.0373682 -0.1619470 -0.3644319 0.9162784
364.000000 0.3926830 -0.5339763 -0.3322280 0.0300624 -0.1949924 -0.4005387 0.8947865
366.000000 0.4008996 -0.5666457 -0.3083581 0.0412725 -0.2110004 -0.4299253 0.8768920
368.000000 0.4092376 -0.5568333 -0.2792227 0.0600658 -0.2230542 -0.4590560 0.8578499
370.000000 0.4597788 -0.5300312 -0.2321519 0.0469130 -0.2451376 -0.4873337 0.8367870
372.000000 0.4671219 -0.5392989 -0.1880814 0.0137320 -0.2568240 -0.5067995 0.8228045
374.000000 0.4843498 -0.5470191 -0.1448639 -0.0136540 -0.2675647 -0.5168577 0.8130687
379.000000 0.5489335 -0.5726412 -0.0483708 -0.0721041 -0.3284080 -0.4653486 0.8187795
382.000000 0.6072258 -0.5954142 0.0005364 -0.0949252 -0.3585805 -0.4374054 0.8191983
385.000000 0.6761085 -0.6163843 0.0413505 -0.0961059 -0.3836875 -0.4073919 0.8231521
388.000000 0.7492820 -0.6363531 0.0866315 -0.0985174 -0.4115800 -0.3755329 0.8245431
391.000000 0.8215561 -0.6484391 0.1335243 -0.0929810 -0.4309024 -0.3463582 0.8280783
395.000000 0.9304835 -0.6559453 0.2048536 -0.0646873 -0.4363201 -0.3249966 0.8365510
