210.000000 0.0000000 0.0000000 0.0000000 0.0000000 0.0000000 0.0000000 1.0000000
212.000000 -0.0421966 0.0088495 -0.0072436 -0.0030159 0.0039877 -0.0053997 0.9999729
218.000000 -0.1510673 -0.0039796 -0.0084162 -0.0227143 0.0093037 0.0100291 0.9996484
219.000000 -0.1738044 -0.0076736 -0.0108799 -0.0245120 0.0086482 0.0162783 0.9995296
220.000000 -0.1890661 -0.0159144 -0.0089523 -0.0271831 0.0005082 0.0281536 0.9992338
232.000000 -0.2990644 -0.0645888 0.0433154 -0.0193466 0.0903034 0.0814054 0.9923931
233.000000 -0.3108064 -0.0728980 0.0486546 -0.0229482 0.1044630 0.0838940 0.9907182
241.000000 -0.4054885 -0.0974290 0.0959501 -0.0271767 0.1667281 0.0763178 0.9826692
249.000000 -0.4763440 -0.1480382 0.1654053 -0.0409747 0.1950352 0.0690868 0.9775016
259.000000 -0.5038247 -0.1954133 0.2446484 -0.0397886 0.2044025 0.0361093 0.9774112
261.000000 -0.4999109 -0.2095021 0.2558101 -0.0495315 0.2070105 0.0377554 0.9763544
263.000000 -0.4878166 -0.2120461 0.2531737 -0.0435378 0.2044844 0.0330642 0.9773420
270.000000 -0.4332564 -0.1989257 0.2374097 -0.0443932 0.2280976 0.0454120 0.9715649
272.000000 -0.4118902 -0.1839249 0.2279690 -0.0420245 0.2366541 0.0579858 0.9689512
295.000000 -0.3390042 0.0211497 0.1440002 -0.1745683 0.2100586 0.0544870 0.9604335
298.000000 -0.3364984 0.0415164 0.1177733 -0.1712172 0.1943247 0.0201084 0.9656698
304.000000 -0.2718741 0.0741200 0.0381336 -0.1786158 0.1496802 -0.0190045 0.9722813
310.000000 -0.1973699 0.0768637 -0.0305458 -0.1607356 0.1055598 -0.0578183 0.9796317
314.000000 -0.1384452 0.0753185 -0.0695203 -0.1472926 0.0838196 -0.0823411 0.9820892
326.000000 0.0578504 0.0067258 -0.1308815 -0.1316710 0.0397441 -0.1036362 0.9850597
330.000000 0.1240609 -0.0469351 -0.1555010 -0.1175992 0.0303525 -0.1230845 0.9849362
332.000000 0.1505079 -0.0889466 -0.1691193 -0.1160484 0.0271008 -0.1437235 0.9824163
338.000000 0.2091579 -0.1873405 -0.2187903 -0.1024559 0.0038954 -0.1872398 0.9769487
340.000000 0.2177924 -0.2120487 -0.2385894 -0.0925842 0.0010740 -0.1997117 0.9754702
342.000000 0.2149287 -0.2447690 -0.2563007 -0.0849222 -0.0131770 -0.2034042 0.9753160
344.000000 0.2331527 -0.2511861 -0.2792185 -0.0732668 -0.0459458 -0.2033798 0.9752731
347.000000 0.2685639 -0.3040187 -0.2900972 -0.0822672 -0.0945368 -0.2141051 0.9687383
350.000000 0.3070690 -0.3518699 -0.3074883 -0.0748140 -0.1132961 -0.2369394 0.9619910
352.000000 0.3371489 -0.3794143 -0.3230436 -0.0690533 -0.1214534 -0.2493575 0.9582805
354.000000 0.3641063 -0.4533100 -0.3284972 -0.0746468 -0.1290209 -0.2693169 0.9514462
356.000000 0.3818267 -0.4900541 -0.3461008 -0.0454509 -0.1175425 -0.2869790 0.9496110
358.000000 0.3806005 -0.5171458 -0.3600366 -0.0043473 -0.1144466 -0.3124444 0.9430066
360.000000 0.3803398 -0.5214169 -0.3662912 0.0221054 -0.1285572 -0.3440161 0.9298587
362.000000 0.3894695 -0.5258117 -0.3671831 0.0341762 -0.1646336 -0.3645916 0.9158607
364.000000 0.4074047 -0.5607544 -0.3344025 0.0263717 -0.1992193 -0.4007044 0.8938972
366.000000 0.4176371 -0.5955229 -0.3095728 0.0372424 -0.2161539 -0.4293768 0.8760856
368.000000 0.4265563 -0.5845423 -0.2783439 0.0567156 -0.2285846 -0.4586290 0.8568500
