210.000000 0.0000000 0.0000000 0.0000000 0.0000000 0.0000000 0.0000000 1.0000000
212.000000 -0.0408821 0.0087159 -0.0069199 -0.0030657 0.0038418 -0.0057642 0.9999713
218.000000 -0.1465098 -0.0039604 -0.0086728 -0.0227861 0.0087370 0.0098797 0.9996533
219.000000 -0.1686339 -0.0076046 -0.0111865 -0.0246461 0.0080477 0.0161163 0.9995340
220.000000 -0.1833434 -0.0145936 -0.0094759 -0.0268943 -0.0001786 0.0275340 0.9992590
232.000000 -0.2893563 -0.0620769 0.0409240 -0.0189448 0.0886764 0.0811791 0.9925662
233.000000 -0.3003959 -0.0700437 0.0458797 -0.0224878 0.1025648 0.0837229 0.9909416
241.000000 -0.3926539 -0.0941616 0.0910007 -0.0267303 0.1644180 0.0761690 0.9830822
249.000000 -0.4616283 -0.1437010 0.1576220 -0.0404014 0.1921881 0.0690805 0.9780896
259.000000 -0.4888272 -0.1907976 0.2345969 -0.0393211 0.2014147 0.0364141 0.9780388
261.000000 -0.4850083 -0.2042425 0.2455260 -0.0488885 0.2040101 0.0379676 0.9770098
263.000000 -0.4731846 -0.2066836 0.2432617 -0.0428303 0.2015389 0.0333389 0.9779755
270.000000 -0.4196788 -0.1938506 0.2284344 -0.0438050 0.2252777 0.0457147 0.9722351
272.000000 -0.3993694 -0.1789771 0.2194317 -0.0413605 0.2341823 0.0581831 0.9695683
295.000000 -0.3288966 0.0206847 0.1389276 -0.1746968 0.2085913 0.0540788 0.9607529
298.000000 -0.3264638 0.0404579 0.1134695 -0.1713853 0.1929708 0.0197337 0.9659192
304.000000 -0.2634949 0.0724888 0.0364775 -0.1786123 0.1486424 -0.0194529 0.9724324
310.000000 -0.1911733 0.0749486 -0.0300404 -0.1608098 0.1048375 -0.0581737 0.9796761
314.000000 -0.1341659 0.0735460 -0.0676791 -0.1473427 0.0834546 -0.0828169 0.9820727
326.000000 0.0560420 0.0065938 -0.1277454 -0.1317075 0.0400431 -0.1038131 0.9850241
330.000000 0.1207047 -0.0459068 -0.1521008 -0.1176905 0.0305987 -0.1230612 0.9849206
332.000000 0.1465030 -0.0868295 -0.1655958 -0.1160807 0.0272685 -0.1438610 0.9823878
338.000000 0.2029188 -0.1825791 -0.2143386 -0.1024302 0.0045542 -0.1871415 0.9769675
340.000000 0.2113815 -0.2066710 -0.2338907 -0.0924834 0.0017048 -0.1996956 0.9754822
342.000000 0.2085162 -0.2380147 -0.2511983 -0.0844958 -0.0124587 -0.2034128 0.9753607
344.000000 0.2262987 -0.2434939 -0.2733080 -0.0725302 -0.0452272 -0.2035487 0.9753265
347.000000 0.2600549 -0.2937228 -0.2843032 -0.0811207 -0.0933007 -0.2143029 0.9689111
350.000000 0.2966643 -0.3395138 -0.3015639 -0.0733957 -0.1116069 -0.2371178 0.9622537
352.000000 0.3253928 -0.3649723 -0.3170761 -0.0671602 -0.1193603 -0.2495931 0.9586167
354.000000 0.3486549 -0.4336748 -0.3253874 -0.0718065 -0.1255159 -0.2697791 0.9520025
356.000000 0.3653793 -0.4721487 -0.3443246 -0.0433393 -0.1137888 -0.2871343 0.9501199
360.000000 0.3666782 -0.4985238 -0.3632166 0.0253343 -0.1252637 -0.3441314 0.9301832
362.000000 0.3768439 -0.5025106 -0.3627213 0.0374673 -0.1616196 -0.3646538 0.9162439
364.000000 0.3914138 -0.5331186 -0.3333081 0.0302583 -0.1944100 -0.4008865 0.8947509
368.000000 0.4086041 -0.5565299 -0.2801858 0.0601239 -0.2227013 -0.4592979 0.8578081
370.000000 0.4591619 -0.5300073 -0.2329192 0.0469241 -0.2448201 -0.4875703 0.8367416
372.000000 0.4660301 -0.5391299 -0.1883259 0.0136053 -0.2564278 -0.5068871 0.8228762
374.000000 0.4830365 -0.5468209 -0.1461675 -0.0138004 -0.2669010 -0.5171052 0.8131271
379.000000 0.5486234 -0.5732055 -0.0488898 -0.0723161 -0.3282338 -0.4653185 0.8188478
382.000000 0.6072716 -0.5969005 -0.0001080 -0.0954011 -0.3585223 -0.4371831 0.8192871
385.000000 0.6759811 -0.6178985 0.0410111 -0.0966269 -0.3836235 -0.4072642 0.8231842
388.000000 0.7489321 -0.6377089 0.0857061 -0.0990005 -0.4112629 -0.3754421 0.8246847
395.000000 0.9314128 -0.6579535 0.2011992 -0.0645694 -0.4353519 -0.3256609 0.8368061
403.000000 1.1161985 -0.6401161 0.2515629 -0.0822087 -0.4484321 -0.3331139 0.8253396
406.000000 1.1800851 -0.6803522 0.2720251 -0.0722396 -0.4469389 -0.3576711 0.8167610
408.000000 1.2006648 -0.7010244 0.2709169 -0.0706790 -0.4338533 -0.3714107 0.8178202
411.000000 1.2612127 -0.7210697 0.2848778 -0.0683183 -0.4469554 -0.3757949 0.8089139
413.000000 1.2949669 -0.7400995 0.3068863 -0.0696616 -0.4436128 -0.3784735 0.8093904
418.000000 1.3648548 -0.7877840 0.3659635 -0.0708977 -0.4433918 -0.4072086 0.7953354
420.000000 1.3857305 -0.8069218 0.3862686 -0.0590919 -0.4492593 -0.4154432 0.7887213
422.000000 1.4046286 -0.8229011 0.4046835 -0.0661108 -0.4565314 -0.4180611 0.7825813
424.000000 1.4278054 -0.8411843 0.4213251 -0.0716494 -0.4801709 -0.4150688 0.7694285
434.000000 1.5134735 -0.9346428 0.5118921 -0.0649829 -0.5270142 -0.4453938 0.7208728
436.000000 1.5323040 -0.9505786 0.5288701 -0.0613449 -0.5387166 -0.4502650 0.7094242
438.000000 1.5529252 -0.9660001 0.5445014 -0.0699102 -0.5474258 -0.4558658 0.6983007
448.000000 1.5869014 -1.0628862 0.6365362 -0.0783907 -0.5849203 -0.4633220 0.6611019
452.000000 1.5547282 -1.0875313 0.6785676 -0.0660190 -0.6029798 -0.4544302 0.6523419
454.000000 1.5362846 -1.0928832 0.7016053 -0.0644187 -0.6173254 -0.4493262 0.6425462
458.000000 1.4765688 -1.1088365 0.7551271 -0.0574778 -0.6318479 -0.4487754 0.6293371
462.000000 1.4192824 -1.1243967 0.8092145 -0.0561809 -0.6419291 -0.4526009 0.6163790
470.000000 1.2804499 -1.2077020 0.8725827 -0.0725141 -0.6322316 -0.4550197 0.6228819
476.000000 1.1861260 -1.2656283 0.8521113 -0.0683247 -0.6289246 -0.4775990 0.6096596
478.000000 1.1561651 -1.2804086 0.8431134 -0.0656019 -0.6400903 -0.4756033 0.5998185
481.000000 1.1102051 -1.3008423 0.8303736 -0.0555346 -0.6501502 -0.4777062 0.5882325
483.000000 1.0931268 -1.3072083 0.8366954 -0.0512411 -0.6481738 -0.4820437 0.5872640
490.000000 1.0307720 -1.2977864 0.8399171 -0.0919279 -0.5998405 -0.5467693 0.5768743
493.000000 0.9988317 -1.2792308 0.8388319 -0.0915930 -0.5713418 -0.5734411 0.5799522
496.000000 0.9770367 -1.2598946 0.8550545 -0.0965474 -0.5586380 -0.5865743 0.5783882
499.000000 0.9544275 -1.2420987 0.8750733 -0.0858047 -0.5352921 -0.6071249 0.5809469
501.000000 0.9473637 -1.2113235 0.8821093 -0.0742423 -0.5225105 -0.6171994 0.5835544
503.000000 0.9461598 -1.1880499 0.8996385 -0.0820125 -0.5207026 -0.6198460 0.5813206
506.000000 0.9367732 -1.1540647 0.9207581 -0.1009189 -0.5056809 -0.6303615 0.5802987
508.000000 0.9357732 -1.1267068 0.9309789 -0.1065881 -0.4935915 -0.6344728 0.5851929
510.000000 0.9406248 -1.0908688 0.9388160 -0.1147873 -0.4826224 -0.6355887 0.5915459
512.000000 0.9439296 -1.0628142 0.9436539 -0.1285783 -0.4783000 -0.6375723 0.5900832
514.000000 0.9501157 -1.0269854 0.9455615 -0.1383514 -0.4752616 -0.6365497 0.5914304
