210.000000 0.0000000 0.0000000 0.0000000 0.0000000 0.0000000 0.0000000 1.0000000
211.000000 -0.0203862 0.0048714 -0.0030569 0.0006566 0.0020169 -0.0027394 0.9999940
212.000000 -0.0416360 0.0095138 -0.0062893 -0.0025789 0.0039299 -0.0052299 0.9999753
214.000000 -0.0800216 0.0053277 -0.0070206 -0.0127361 0.0032410 -0.0011162 0.9999130
218.000000 -0.1513936 -0.0025867 -0.0056949 -0.0220117 0.0102715 0.0101418 0.9996535
219.000000 -0.1746103 -0.0066599 -0.0084061 -0.0239203 0.0097877 0.0166611 0.9995271
220.000000 -0.1902855 -0.0146165 -0.0061473 -0.0264606 0.0018438 0.0285240 0.9992411
232.000000 -0.2989333 -0.0616284 0.0477032 -0.0180830 0.0919405 0.0811565 0.9922870
233.000000 -0.3104977 -0.0702107 0.0528983 -0.0217646 0.1060432 0.0838748 0.9905787
241.000000 -0.4037732 -0.0932612 0.1012359 -0.0254618 0.1684387 0.0762750 0.9824267
249.000000 -0.4729308 -0.1420255 0.1705858 -0.0387343 0.1966258 0.0685994 0.9773086
259.000000 -0.4994287 -0.1885733 0.2482277 -0.0373670 0.2058472 0.0355766 0.9772230
261.000000 -0.4955773 -0.2022063 0.2592629 -0.0469442 0.2084980 0.0372098 0.9761866
263.000000 -0.4836633 -0.2047281 0.2566883 -0.0409683 0.2059655 0.0326578 0.9771557
270.000000 -0.4302565 -0.1920166 0.2408835 -0.0418872 0.2295986 0.0451109 0.9713367
272.000000 -0.4088496 -0.1765974 0.2313704 -0.0391682 0.2379755 0.0577284 0.9687626
276.000000 -0.3668627 -0.1247684 0.2120975 -0.0479612 0.2553988 0.0875139 0.9616717
281.000000 -0.3482769 -0.0950927 0.2035542 -0.0805584 0.2566734 0.1401813 0.9528790
285.000000 -0.3439091 -0.0628800 0.1946652 -0.1011861 0.2600051 0.1314987 0.9512449
288.000000 -0.3439394 -0.0287643 0.1884049 -0.1203504 0.2568854 0.1102916 0.9525552
291.000000 -0.3435812 0.0025580 0.1772940 -0.1496785 0.2395705 0.0894447 0.9550927
295.000000 -0.3382762 0.0248912 0.1495100 -0.1717935 0.2121978 0.0552516 0.9604199
298.000000 -0.3340090 0.0460211 0.1228763 -0.1679966 0.1954081 0.0208001 0.9660022
300.000000 -0.3183618 0.0590216 0.0962668 -0.1705407 0.1740390 0.0003210 0.9698588
302.000000 -0.2927333 0.0746021 0.0682519 -0.1743536 0.1558777 -0.0128069 0.9721826
304.000000 -0.2688189 0.0805339 0.0427252 -0.1743659 0.1500833 -0.0187737 0.9729949
307.000000 -0.2333196 0.0805394 0.0098985 -0.1663245 0.1300950 -0.0307141 0.9769688
310.000000 -0.1948047 0.0840913 -0.0255910 -0.1565643 0.1063315 -0.0587814 0.9801663
