210.000000 0.0000000 0.0000000 0.0000000 0.0000000 0.0000000 0.0000000 1.0000000
212.000000 -0.0408821 0.0087159 -0.0069199 -0.0030657 0.0038418 -0.0057642 0.9999713
218.000000 -0.1465098 -0.0039604 -0.0086728 -0.0227861 0.0087370 0.0098797 0.9996533
219.000000 -0.1686339 -0.0076046 -0.0111865 -0.0246461 0.0080477 0.0161163 0.9995340
220.000000 -0.1833434 -0.0145936 -0.0094759 -0.0268943 -0.0001786 0.0275340 0.9992590
232.000000 -0.2893563 -0.0620769 0.0409240 -0.0189448 0.0886764 0.0811791 0.9925662
233.000000 -0.3003959 -0.0700437 0.0458797 -0.0224878 0.1025648 0.0837229 0.9909416
241.000000 -0.3926539 -0.0941616 0.0910007 -0.0267303 0.1644180 0.0761690 0.9830822
249.000000 -0.4616283 -0.1437010 0.1576220 -0.0404014 0.1921881 0.0690805 0.9780896
259.000000 -0.4888272 -0.1907976 0.2345969 -0.0393211 0.2014147 0.0364141 0.9780388
261.000000 -0.4850083 -0.2042425 0.2455260 -0.0488885 0.2040101 0.0379676 0.9770098
263.000000 -0.4731846 -0.2066836 0.2432617 -0.0428303 0.2015389 0.0333389 0.9779755
270.000000 -0.4196788 -0.1938506 0.2284344 -0.0438050 0.2252777 0.0457147 0.9722351
272.000000 -0.3993694 -0.1789771 0.2194317 -0.0413605 0.2341823 0.0581831 0.9695683
295.000000 -0.3288966 0.0206847 0.1389276 -0.1746968 0.2085913 0.0540788 0.9607529
298.000000 -0.3264638 0.0404579 0.1134695 -0.1713853 0.1929708 0.0197337 0.9659192
304.000000 -0.2634949 0.0724888 0.0364775 -0.1786123 0.1486424 -0.0194529 0.9724324
310.000000 -0.1911733 0.0749486 -0.0300404 -0.1608098 0.1048375 -0.0581737 0.9796761
314.000000 -0.1341659 0.0735460 -0.0676791 -0.1473427 0.0834546 -0.0828169 0.9820727
326.000000 0.0560420 0.0065938 -0.1277454 -0.1317075 0.0400431 -0.1038131 0.9850241
330.000000 0.1207047 -0.0459068 -0.1521008 -0.1176905 0.0305987 -0.1230612 0.9849206
332.000000 0.1465030 -0.0868295 -0.1655958 -0.1160807 0.0272685 -0.1438610 0.9823878
338.000000 0.2029188 -0.1825791 -0.2143386 -0.1024302 0.0045542 -0.1871415 0.9769675
340.000000 0.2113815 -0.2066710 -0.2338907 -0.0924834 0.0017048 -0.1996956 0.9754822
342.000000 0.2085162 -0.2380147 -0.2511983 -0.0844958 -0.0124587 -0.2034128 0.9753607
344.000000 0.2262987 -0.2434939 -0.2733080 -0.0725302 -0.0452272 -0.2035487 0.9753265
347.000000 0.2600549 -0.2937228 -0.2843032 -0.0811207 -0.0933007 -0.2143029 0.9689111
350.000000 0.2966643 -0.3395138 -0.3015639 -0.0733957 -0.1116069 -0.2371178 0.9622537
352.000000 0.3253928 -0.3649723 -0.3170761 -0.0671602 -0.1193603 -0.2495931 0.9586167
354.000000 0.3486549 -0.4336748 -0.3253874 -0.0718065 -0.1255159 -0.2697791 0.9520025
356.000000 0.3653793 -0.4721487 -0.3443246 -0.0433393 -0.1137888 -0.2871343 0.9501199
360.000000 0.3666782 -0.4985238 -0.3632166 0.0253343 -0.1252637 -0.3441314 0.9301832
362.000000 0.3768439 -0.5025106 -0.3627213 0.0374673 -0.1616196 -0.3646538 0.9162439
364.000000 0.3914138 -0.5331186 -0.3333081 0.0302583 -0.1944100 -0.4008865 0.8947509
368.000000 0.4086041 -0.5565299 -0.2801858 0.0601239 -0.2227013 -0.4592979 0.8578081
370.000000 0.4591619 -0.5300073 -0.2329192 0.0469241 -0.2448201 -0.4875703 0.8367416
372.000000 0.4660301 -0.5391299 -0.1883259 0.0136053 -0.2564278 -0.5068871 0.8228762
374.000000 0.4830365 -0.5468209 -0.1461675 -0.0138004 -0.2669010 -0.5171052 0.8131271
379.000000 0.5486234 -0.5732055 -0.0488898 -0.0723161 -0.3282338 -0.4653185 0.8188478
382.000000 0.6072716 -0.5969005 -0.0001080 -0.0954011 -0.3585223 -0.4371831 0.8192871
385.000000 0.6759811 -0.6178985 0.0410111 -0.0966269 -0.3836235 -0.4072642 0.8231842
388.000000 0.7489321 -0.6377089 0.0857061 -0.0990005 -0.4112629 -0.3754421 0.8246847
395.000000 0.9314128 -0.6579535 0.2011992 -0.0645694 -0.4353519 -0.3256609 0.8368061
403.000000 1.1161025 -0.6408920 0.2514165 -0.0825045 -0.4484227 -0.3331074 0.8253179
406.000000 1.1799561 -0.6808192 0.2721163 -0.0725144 -0.4469585 -0.3575430 0.8167820
408.000000 1.1999538 -0.7012699 0.2709855 -0.0709164 -0.4337896 -0.3713908 0.8178425
411.000000 1.2601632 -0.7205700 0.2845464 -0.0684413 -0.4466587 -0.3757337 0.8090958
413.000000 1.2945269 -0.7398819 0.3068979 -0.0697186 -0.4435690 -0.3783993 0.8094441
418.000000 1.3640244 -0.7881893 0.3642077 -0.0709621 -0.4428045 -0.4076362 0.7954378
420.000000 1.3855524 -0.8066726 0.3859550 -0.0590617 -0.4491645 -0.4154283 0.7887853
422.000000 1.4042332 -0.8223932 0.4050819 -0.0661700 -0.4566464 -0.4178428 0.7826257
424.000000 1.4269971 -0.8411457 0.4207566 -0.0717794 -0.4799316 -0.4151646 0.7695140
436.000000 1.5319397 -0.9505086 0.5277275 -0.0613417 -0.5384751 -0.4503454 0.7095568
438.000000 1.5525572 -0.9654269 0.5431211 -0.0697987 -0.5470651 -0.4559520 0.6985382
448.000000 1.5867152 -1.0633317 0.6339978 -0.0786278 -0.5843428 -0.4635340 0.6614359
452.000000 1.5546347 -1.0890557 0.6763583 -0.0665101 -0.6025086 -0.4546140 0.6525993
454.000000 1.5364575 -1.0944922 0.6993239 -0.0648082 -0.6167910 -0.4496106 0.6428212
458.000000 1.4768984 -1.1098579 0.7520828 -0.0578138 -0.6311769 -0.4490266 0.6298003
462.000000 1.4195170 -1.1252172 0.8063235 -0.0565147 -0.6412679 -0.4528333 0.6168659
470.000000 1.2812266 -1.2089069 0.8683952 -0.0724724 -0.6312406 -0.4555251 0.6235222
476.000000 1.1873355 -1.2658858 0.8478745 -0.0682552 -0.6278839 -0.4778793 0.6105199
478.000000 1.1578283 -1.2810687 0.8382796 -0.0654167 -0.6389934 -0.4759946 0.6006973
481.000000 1.1120570 -1.3016566 0.8254657 -0.0551856 -0.6490648 -0.4782091 0.5890548
483.000000 1.0950439 -1.3085644 0.8313999 -0.0508821 -0.6470028 -0.4826606 0.5880792
490.000000 1.0311179 -1.2996485 0.8354228 -0.0918733 -0.5986866 -0.5475059 0.5773829
493.000000 0.9983370 -1.2809651 0.8328257 -0.0916646 -0.5696698 -0.5744897 0.5805476
499.000000 0.9529425 -1.2453823 0.8686206 -0.0862841 -0.5332966 -0.6086433 0.5811223
501.000000 0.9459957 -1.2137043 0.8770372 -0.0744274 -0.5208729 -0.6185700 0.5835437
503.000000 0.9454324 -1.1907290 0.8962255 -0.0824351 -0.5196895 -0.6206660 0.5812926
506.000000 0.9347919 -1.1564937 0.9165741 -0.1014116 -0.5040101 -0.6318498 0.5800477
512.000000 0.9462525 -1.0639453 0.9441910 -0.1294174 -0.4789689 -0.6365182 0.5904951
514.000000 0.9563617 -1.0233315 0.9458028 -0.1377754 -0.4763721 -0.6335791 0.5938562
517.000000 0.9713008 -0.9738967 0.9369403 -0.1471923 -0.4771775 -0.6312366 0.5934445
520.000000 0.9906316 -0.9280449 0.9205692 -0.1543973 -0.4727779 -0.6304840 0.5959300
523.000000 1.0106357 -0.8845130 0.8974849 -0.1651954 -0.4685776 -0.6263634 0.6006783
526.000000 1.0265957 -0.8439940 0.8728464 -0.1819709 -0.4577146 -0.6263483 0.6042117
529.000000 1.0427639 -0.8038497 0.8452214 -0.1920048 -0.4547783 -0.6233178 0.6064535
532.000000 1.0512770 -0.7748460 0.8161400 -0.1937098 -0.4570261 -0.6217411 0.6058397
535.000000 1.0557272 -0.7488382 0.7915572 -0.2013195 -0.4517992 -0.6185532 0.6105243
538.000000 1.0570785 -0.7218121 0.7693552 -0.2083249 -0.4483418 -0.6134155 0.6158829
541.000000 1.0563676 -0.7006947 0.7506441 -0.2096914 -0.4402825 -0.6060457 0.6284024
