210.000000 0.0000000 0.0000000 0.0000000 0.0000000 0.0000000 0.0000000 1.0000000
212.000000 -0.0408821 0.0087159 -0.0069199 -0.0030657 0.0038418 -0.0057642 0.9999713
218.000000 -0.1465098 -0.0039604 -0.0086728 -0.0227861 0.0087370 0.0098797 0.9996533
219.000000 -0.1686339 -0.0076046 -0.0111865 -0.0246461 0.0080477 0.0161163 0.9995340
220.000000 -0.1833434 -0.0145936 -0.0094759 -0.0268943 -0.0001786 0.0275340 0.9992590
232.000000 -0.2893563 -0.0620769 0.0409240 -0.0189448 0.0886764 0.0811791 0.9925662
233.000000 -0.3003959 -0.0700437 0.0458797 -0.0224878 0.1025648 0.0837229 0.9909416
241.000000 -0.3926539 -0.0941616 0.0910007 -0.0267303 0.1644180 0.0761690 0.9830822
249.000000 -0.4616283 -0.1437010 0.1576220 -0.0404014 0.1921881 0.0690805 0.9780896
259.000000 -0.4888272 -0.1907976 0.2345969 -0.0393211 0.2014147 0.0364141 0.9780388
261.000000 -0.4850083 -0.2042425 0.2455260 -0.0488885 0.2040101 0.0379676 0.9770098
263.000000 -0.4731846 -0.2066836 0.2432617 -0.0428303 0.2015389 0.0333389 0.9779755
270.000000 -0.4196788 -0.1938506 0.2284344 -0.0438050 0.2252777 0.0457147 0.9722351
272.000000 -0.3993694 -0.1789771 0.2194317 -0.0413605 0.2341823 0.0581831 0.9695683
295.000000 -0.3288966 0.0206847 0.1389276 -0.1746968 0.2085913 0.0540788 0.9607529
298.000000 -0.3264638 0.0404579 0.1134695 -0.1713853 0.1929708 0.0197337 0.9659192
304.000000 -0.2634949 0.0724888 0.0364775 -0.1786123 0.1486424 -0.0194529 0.9724324
310.000000 -0.1911733 0.0749486 -0.0300404 -0.1608098 0.1048375 -0.0581737 0.9796761
314.000000 -0.1341659 0.0735460 -0.0676791 -0.1473427 0.0834546 -0.0828169 0.9820727
326.000000 0.0560420 0.0065938 -0.1277454 -0.1317075 0.0400431 -0.1038131 0.9850241
330.000000 0.1207047 -0.0459068 -0.1521008 -0.1176905 0.0305987 -0.1230612 0.9849206
332.000000 0.1465030 -0.0868295 -0.1655958 -0.1160807 0.0272685 -0.1438610 0.9823878
338.000000 0.2029188 -0.1825791 -0.2143386 -0.1024302 0.0045542 -0.1871415 0.9769675
340.000000 0.2113815 -0.2066710 -0.2338907 -0.0924834 0.0017048 -0.1996956 0.9754822
342.000000 0.2085162 -0.2380147 -0.2511983 -0.0844958 -0.0124587 -0.2034128 0.9753607
344.000000 0.2262987 -0.2434939 -0.2733080 -0.0725302 -0.0452272 -0.2035487 0.9753265
347.000000 0.2600549 -0.2937228 -0.2843032 -0.0811207 -0.0933007 -0.2143029 0.9689111
350.000000 0.2966643 -0.3395138 -0.3015639 -0.0733957 -0.1116069 -0.2371178 0.9622537
352.000000 0.3253928 -0.3649723 -0.3170761 -0.0671602 -0.1193603 -0.2495931 0.9586167
354.000000 0.3486549 -0.4336748 -0.3253874 -0.0718065 -0.1255159 -0.2697791 0.9520025
356.000000 0.3653793 -0.4721487 -0.3443246 -0.0433393 -0.1137888 -0.2871343 0.9501199
360.000000 0.3666782 -0.4985238 -0.3632166 0.0253343 -0.1252637 -0.3441314 0.9301832
362.000000 0.3768439 -0.5025106 -0.3627213 0.0374673 -0.1616196 -0.3646538 0.9162439
364.000000 0.3914138 -0.5331186 -0.3333081 0.0302583 -0.1944100 -0.4008865 0.8947509
368.000000 0.4086041 -0.5565299 -0.2801858 0.0601239 -0.2227013 -0.4592979 0.8578081
370.000000 0.4591619 -0.5300073 -0.2329192 0.0469241 -0.2448201 -0.4875703 0.8367416
372.000000 0.4660301 -0.5391299 -0.1883259 0.0136053 -0.2564278 -0.5068871 0.8228762
374.000000 0.4830365 -0.5468209 -0.1461675 -0.0138004 -0.2669010 -0.5171052 0.8131271
379.000000 0.5486234 -0.5732055 -0.0488898 -0.0723161 -0.3282338 -0.4653185 0.8188478
382.000000 0.6072716 -0.5969005 -0.0001080 -0.0954011 -0.3585223 -0.4371831 0.8192871
385.000000 0.6759811 -0.6178985 0.0410111 -0.0966269 -0.3836235 -0.4072642 0.8231842
388.000000 0.7489321 -0.6377089 0.0857061 -0.0990005 -0.4112629 -0.3754421 0.8246847
395.000000 0.9299573 -0.6564323 0.2006685 -0.0643247 -0.4349155 -0.3257990 0.8369981
403.000000 1.1152692 -0.6405233 0.2509930 -0.0824292 -0.4482726 -0.3332763 0.8253387
406.000000 1.1779618 -0.6793162 0.2710183 -0.0723123 -0.4465056 -0.3576372 0.8170063
408.000000 1.1984569 -0.7000257 0.2698794 -0.0707381 -0.4333770 -0.3714679 0.8180416
411.000000 1.2581742 -0.7184660 0.2839572 -0.0680979 -0.4463323 -0.3757232 0.8093097
413.000000 1.2927541 -0.7384434 0.3049722 -0.0695883 -0.4429724 -0.3784365 0.8097646
418.000000 1.3626853 -0.7869518 0.3619947 -0.0707751 -0.4421971 -0.4077746 0.7957214
420.000000 1.3837659 -0.8052361 0.3830776 -0.0589006 -0.4483928 -0.4156033 0.7891442
422.000000 1.4026695 -0.8206863 0.4025044 -0.0659405 -0.4559748 -0.4179345 0.7829877
424.000000 1.4254802 -0.8397590 0.4178207 -0.0716280 -0.4792352 -0.4152789 0.7699003
436.000000 1.5305190 -0.9491078 0.5238252 -0.0613011 -0.5376424 -0.4504649 0.7101157
438.000000 1.5511760 -0.9642261 0.5389264 -0.0698268 -0.5462035 -0.4560699 0.6991325
448.000000 1.5861453 -1.0622518 0.6291897 -0.0784815 -0.5834802 -0.4637540 0.6620603
452.000000 1.5538623 -1.0882354 0.6714835 -0.0664945 -0.6016144 -0.4548715 0.6532462
454.000000 1.5359401 -1.0939779 0.6940979 -0.0647910 -0.6158569 -0.4499102 0.6435084
458.000000 1.4769847 -1.1091772 0.7467417 -0.0577060 -0.6302545 -0.4493284 0.6305182
462.000000 1.4200425 -1.1252846 0.8010535 -0.0563929 -0.6403548 -0.4532586 0.6175130
470.000000 1.2813125 -1.2093495 0.8637286 -0.0725329 -0.6304383 -0.4559614 0.6240078
476.000000 1.1871946 -1.2669317 0.8430559 -0.0683492 -0.6270195 -0.4785236 0.6108930
478.000000 1.1573085 -1.2816724 0.8337487 -0.0654482 -0.6381878 -0.4766602 0.6010224
481.000000 1.1114795 -1.3023976 0.8206396 -0.0552340 -0.6482192 -0.4789405 0.5893871
483.000000 1.0940399 -1.3092601 0.8267929 -0.0510557 -0.6461745 -0.4833508 0.5884079
490.000000 1.0301806 -1.3000152 0.8311341 -0.0918971 -0.5978469 -0.5481856 0.5776042
493.000000 0.9974011 -1.2812227 0.8284559 -0.0917019 -0.5687740 -0.5751438 0.5807723
499.000000 0.9516320 -1.2466923 0.8640624 -0.0867121 -0.5322914 -0.6094499 0.5811348
501.000000 0.9450246 -1.2144617 0.8726115 -0.0747100 -0.5198942 -0.6192015 0.5837105
503.000000 0.9444916 -1.1920063 0.8924972 -0.0828979 -0.5189481 -0.6211631 0.5813581
506.000000 0.9339565 -1.1576866 0.9129360 -0.1018674 -0.5032592 -0.6323163 0.5801115
512.000000 0.9452003 -1.0650728 0.9404407 -0.1300411 -0.4780931 -0.6370667 0.5904763
514.000000 0.9556269 -1.0238262 0.9419454 -0.1381355 -0.4753971 -0.6341063 0.5939911
517.000000 0.9703109 -0.9744208 0.9332736 -0.1476388 -0.4761963 -0.6319584 0.5933535
520.000000 0.9898351 -0.9289188 0.9169606 -0.1548834 -0.4719275 -0.6311030 0.5958226
526.000000 1.0257437 -0.8442021 0.8687748 -0.1823042 -0.4563903 -0.6267766 0.6046686
532.000000 1.0511460 -0.7748660 0.8116582 -0.1936366 -0.4557517 -0.6224078 0.6061384
535.000000 1.0557491 -0.7487624 0.7867832 -0.2009787 -0.4503690 -0.6194198 0.6108146
538.000000 1.0572405 -0.7214323 0.7641624 -0.2078337 -0.4467464 -0.6144470 0.6161799
541.000000 1.0571467 -0.7013640 0.7453252 -0.2094568 -0.4390231 -0.6068481 0.6285873
564.000000 1.0174694 -0.6558801 0.5996630 -0.1803589 -0.4271730 -0.5186353 0.7183393
567.000000 1.0188202 -0.6557118 0.5872222 -0.1749735 -0.4157272 -0.5120098 0.7310274
573.000000 1.0320158 -0.6463547 0.5764068 -0.1840775 -0.3864939 -0.4879746 0.7606699
579.000000 1.0345652 -0.6250989 0.5634639 -0.1882769 -0.3463401 -0.4821294 0.7824011
585.000000 1.0223368 -0.6143302 0.5495162 -0.1877422 -0.3349172 -0.4714358 0.7939342
595.000000 1.0099101 -0.6268830 0.5437933 -0.1799503 -0.3442733 -0.4571088 0.8000908
599.000000 1.0011733 -0.6381171 0.5501733 -0.1782717 -0.3496580 -0.4541823 0.7997980
602.000000 0.9947249 -0.6406499 0.5520630 -0.1722320 -0.3501568 -0.4530477 0.8015448
