210.000000 0.0000000 0.0000000 0.0000000 0.0000000 0.0000000 0.0000000 1.0000000
211.000000 -0.0223340 0.0053482 -0.0029924 0.0008589 0.0026030 -0.0024621 0.9999932
212.000000 -0.0460418 0.0103210 -0.0060770 -0.0021809 0.0053746 -0.0046755 0.9999722
214.000000 -0.0882847 0.0059138 -0.0062138 -0.0124148 0.0060038 -0.0006872 0.9999047
218.000000 -0.1669647 -0.0026090 -0.0016978 -0.0216883 0.0155258 0.0109415 0.9995843
219.000000 -0.1909002 -0.0059820 -0.0022072 -0.0232036 0.0152786 0.0174292 0.9994621
220.000000 -0.2093959 -0.0141536 -0.0000605 -0.0256285 0.0083810 0.0293372 0.9992058
224.000000 -0.2464642 -0.0303075 0.0253805 -0.0262178 0.0010823 0.0519397 0.9983054
227.000000 -0.2796649 -0.0421570 0.0400429 -0.0166945 0.0302713 0.0551627 0.9978788
228.000000 -0.2901984 -0.0476740 0.0471167 -0.0168160 0.0430895 0.0577873 0.9972568
230.000000 -0.3046937 -0.0552744 0.0583520 -0.0120619 0.0684219 0.0662436 0.9953817
232.000000 -0.3273738 -0.0602626 0.0683767 -0.0158011 0.1032692 0.0803041 0.9912805
233.000000 -0.3385632 -0.0686465 0.0760558 -0.0193519 0.1174793 0.0833199 0.9893846
