210.000000 0.0000000 0.0000000 0.0000000 0.0000000 0.0000000 0.0000000 1.0000000
212.000000 -0.0408821 0.0087159 -0.0069199 -0.0030657 0.0038418 -0.0057642 0.9999713
218.000000 -0.1465098 -0.0039604 -0.0086728 -0.0227861 0.0087370 0.0098797 0.9996533
219.000000 -0.1686339 -0.0076046 -0.0111865 -0.0246461 0.0080477 0.0161163 0.9995340
220.000000 -0.1833434 -0.0145936 -0.0094759 -0.0268943 -0.0001786 0.0275340 0.9992590
232.000000 -0.2893563 -0.0620769 0.0409240 -0.0189448 0.0886764 0.0811791 0.9925662
233.000000 -0.3003959 -0.0700437 0.0458797 -0.0224878 0.1025648 0.0837229 0.9909416
241.000000 -0.3926539 -0.0941616 0.0910007 -0.0267303 0.1644180 0.0761690 0.9830822
249.000000 -0.4616283 -0.1437010 0.1576220 -0.0404014 0.1921881 0.0690805 0.9780896
259.000000 -0.4888272 -0.1907976 0.2345969 -0.0393211 0.2014147 0.0364141 0.9780388
261.000000 -0.4850083 -0.2042425 0.2455260 -0.0488885 0.2040101 0.0379676 0.9770098
263.000000 -0.4731846 -0.2066836 0.2432617 -0.0428303 0.2015389 0.0333389 0.9779755
270.000000 -0.4196788 -0.1938506 0.2284344 -0.0438050 0.2252777 0.0457147 0.9722351
272.000000 -0.3993694 -0.1789771 0.2194317 -0.0413605 0.2341823 0.0581831 0.9695683
295.000000 -0.3288966 0.0206847 0.1389276 -0.1746968 0.2085913 0.0540788 0.9607529
298.000000 -0.3264638 0.0404579 0.1134695 -0.1713853 0.1929708 0.0197337 0.9659192
304.000000 -0.2634949 0.0724888 0.0364775 -0.1786123 0.1486424 -0.0194529 0.9724324
310.000000 -0.1911733 0.0749486 -0.0300404 -0.1608098 0.1048375 -0.0581737 0.9796761
314.000000 -0.1341659 0.0735460 -0.0676791 -0.1473427 0.0834546 -0.0828169 0.9820727
326.000000 0.0560420 0.0065938 -0.1277454 -0.1317075 0.0400431 -0.1038131 0.9850241
330.000000 0.1206860 -0.0458108 -0.1521113 -0.1176272 0.0306182 -0.1231306 0.9849189
332.000000 0.1465030 -0.0868295 -0.1655958 -0.1160807 0.0272685 -0.1438610 0.9823878
338.000000 0.2030537 -0.1826886 -0.2142933 -0.1024608 0.0044878 -0.1871462 0.9769636
340.000000 0.2115089 -0.2068058 -0.2338510 -0.0925319 0.0016412 -0.1997121 0.9754744
342.000000 0.2087085 -0.2381740 -0.2510487 -0.0845571 -0.0125385 -0.2033891 0.9753593
344.000000 0.2264256 -0.2434438 -0.2732594 -0.0724836 -0.0452648 -0.2035744 0.9753229
347.000000 0.2603195 -0.2939860 -0.2842349 -0.0811900 -0.0934142 -0.2142513 0.9689057
350.000000 0.2968010 -0.3395596 -0.3016334 -0.0733750 -0.1116586 -0.2371686 0.9622367
352.000000 0.3257543 -0.3657135 -0.3171550 -0.0673795 -0.1195433 -0.2495311 0.9585946
354.000000 0.3491246 -0.4339083 -0.3251492 -0.0718884 -0.1257093 -0.2697208 0.9519874
356.000000 0.3659015 -0.4726061 -0.3440472 -0.0434662 -0.1140224 -0.2870359 0.9501157
360.000000 0.3670948 -0.4991808 -0.3630253 0.0251572 -0.1254737 -0.3441137 0.9301662
362.000000 0.3772987 -0.5028759 -0.3623184 0.0373732 -0.1618330 -0.3645566 0.9162488
364.000000 0.3923290 -0.5337479 -0.3325538 0.0301090 -0.1948114 -0.4006298 0.8947836
366.000000 0.4005958 -0.5669214 -0.3088357 0.0411633 -0.2108815 -0.4299930 0.8768926
368.000000 0.4090613 -0.5567859 -0.2797041 0.0600750 -0.2229410 -0.4591599 0.8578231
370.000000 0.4597784 -0.5304506 -0.2325481 0.0468333 -0.2450974 -0.4874058 0.8367613
372.000000 0.4671191 -0.5397117 -0.1883274 0.0135916 -0.2568374 -0.5067304 0.8228451
374.000000 0.4842537 -0.5471802 -0.1452056 -0.0137237 -0.2675126 -0.5168259 0.8131049
379.000000 0.5486015 -0.5726184 -0.0486549 -0.0721385 -0.3282808 -0.4654144 0.8187901
382.000000 0.6070580 -0.5951194 0.0004272 -0.0948491 -0.3584933 -0.4374783 0.8192062
385.000000 0.6761347 -0.6163687 0.0413705 -0.0960941 -0.3836998 -0.4074226 0.8231326
388.000000 0.7497643 -0.6365889 0.0869822 -0.0985688 -0.4117825 -0.3754509 0.8244731
391.000000 0.8212359 -0.6487221 0.1331381 -0.0930730 -0.4307549 -0.3465644 0.8280584
395.000000 0.9317340 -0.6568234 0.2033923 -0.0644212 -0.4362534 -0.3254531 0.8364288
398.000000 1.0100703 -0.6368237 0.2290214 -0.0440587 -0.4341968 -0.3233162 0.8396420
401.000000 1.0752409 -0.6350818 0.2479808 -0.0625108 -0.4398712 -0.3237843 0.8353260
403.000000 1.1223998 -0.6431417 0.2505643 -0.0827709 -0.4489435 -0.3320247 0.8254443
