210.000000 0.0000000 0.0000000 0.0000000 0.0000000 0.0000000 0.0000000 1.0000000
212.000000 -0.0413978 0.0091109 -0.0068098 -0.0028696 0.0038889 -0.0056560 0.9999723
218.000000 -0.1487069 -0.0038646 -0.0082838 -0.0227238 0.0091347 0.0098517 0.9996515
219.000000 -0.1711963 -0.0078524 -0.0108561 -0.0247013 0.0084938 0.0162412 0.9995269
220.000000 -0.1860795 -0.0152113 -0.0091396 -0.0270468 0.0002834 0.0277962 0.9992476
232.000000 -0.2938895 -0.0628478 0.0424405 -0.0189689 0.0896106 0.0811611 0.9924833
233.000000 -0.3052477 -0.0711444 0.0474948 -0.0226262 0.1036082 0.0837150 0.9908305
241.000000 -0.3985039 -0.0952707 0.0938529 -0.0267910 0.1656562 0.0760962 0.9828783
249.000000 -0.4683629 -0.1455044 0.1617972 -0.0406643 0.1937508 0.0689714 0.9777781
259.000000 -0.4956222 -0.1924688 0.2398595 -0.0394597 0.2030316 0.0360560 0.9777122
261.000000 -0.4916911 -0.2061326 0.2508454 -0.0490756 0.2056095 0.0376511 0.9766774
263.000000 -0.4797870 -0.2086827 0.2485264 -0.0430712 0.2031360 0.0330094 0.9776456
270.000000 -0.4258988 -0.1960324 0.2332597 -0.0441322 0.2268431 0.0453930 0.9718714
272.000000 -0.4051415 -0.1811542 0.2239129 -0.0417271 0.2355615 0.0579011 0.9692353
295.000000 -0.3332467 0.0214927 0.1416446 -0.1742725 0.2092769 0.0542343 0.9606721
298.000000 -0.3307008 0.0416016 0.1158887 -0.1709083 0.1935936 0.0198712 0.9658763
304.000000 -0.2671119 0.0738334 0.0377314 -0.1782780 0.1491844 -0.0192719 0.9724143
310.000000 -0.1937113 0.0765145 -0.0297235 -0.1604096 0.1051815 -0.0580967 0.9797093
314.000000 -0.1361085 0.0751877 -0.0679198 -0.1469052 0.0838115 -0.0828116 0.9821083
326.000000 0.0571870 0.0070924 -0.1290643 -0.1314686 0.0397789 -0.1037954 0.9850686
330.000000 0.1226613 -0.0460295 -0.1535796 -0.1174360 0.0303265 -0.1232039 0.9849415
332.000000 0.1486513 -0.0879746 -0.1673457 -0.1161189 0.0270437 -0.1439180 0.9823811
338.000000 0.2062147 -0.1854340 -0.2163632 -0.1026630 0.0040256 -0.1873593 0.9769036
340.000000 0.2147520 -0.2097188 -0.2359572 -0.0927184 0.0012115 -0.1998295 0.9754332
342.000000 0.2122317 -0.2414177 -0.2531912 -0.0847128 -0.0130745 -0.2035192 0.9753116
344.000000 0.2302161 -0.2475347 -0.2760195 -0.0729840 -0.0458756 -0.2036063 0.9752504
347.000000 0.2643224 -0.2999748 -0.2869077 -0.0821835 -0.0941426 -0.2142920 0.9687425
350.000000 0.3017960 -0.3466907 -0.3042597 -0.0745483 -0.1126447 -0.2370824 0.9620528
352.000000 0.3314753 -0.3734147 -0.3198004 -0.0685785 -0.1207298 -0.2495073 0.9583670
354.000000 0.3560004 -0.4453535 -0.3266629 -0.0738797 -0.1274821 -0.2698263 0.9515691
356.000000 0.3721379 -0.4823176 -0.3459792 -0.0450090 -0.1155102 -0.2873503 0.9497691
358.000000 0.3718205 -0.5058743 -0.3580069 -0.0030645 -0.1126466 -0.3129386 0.9430646
360.000000 0.3734648 -0.5110492 -0.3631085 0.0232519 -0.1273616 -0.3443555 0.9298697
362.000000 0.3830262 -0.5151581 -0.3631718 0.0352159 -0.1636195 -0.3644643 0.9160537
364.000000 0.3988901 -0.5459027 -0.3318407 0.0282934 -0.1969825 -0.4008122 0.8942857
366.000000 0.4078220 -0.5798113 -0.3072223 0.0393284 -0.2133625 -0.4297992 0.8764715
368.000000 0.4160256 -0.5710998 -0.2790808 0.0579497 -0.2255180 -0.4591131 0.8573206
370.000000 0.4690201 -0.5417387 -0.2308486 0.0456901 -0.2478801 -0.4867384 0.8363932
372.000000 0.4769945 -0.5512360 -0.1853577 0.0127452 -0.2601050 -0.5062532 0.8221257
374.000000 0.4945605 -0.5580531 -0.1406909 -0.0144664 -0.2710161 -0.5160790 0.8124059
376.000000 0.5209317 -0.5578783 -0.0981828 -0.0400097 -0.2888223 -0.4978331 0.8167883
379.000000 0.5592340 -0.5797585 -0.0437936 -0.0713893 -0.3314176 -0.4652047 0.8177105
