210.000000 0.0000000 0.0000000 0.0000000 0.0000000 0.0000000 0.0000000 1.0000000
211.000000 -0.0206163 0.0043294 -0.0039934 0.0003055 0.0019676 -0.0027470 0.9999942
212.000000 -0.0416191 0.0088774 -0.0070880 -0.0029489 0.0037070 -0.0052757 0.9999748
218.000000 -0.1508185 -0.0043211 -0.0085713 -0.0228627 0.0092867 0.0102112 0.9996433
219.000000 -0.1735495 -0.0082750 -0.0112342 -0.0247473 0.0085989 0.0165838 0.9995192
220.000000 -0.1888717 -0.0164456 -0.0092878 -0.0274026 0.0005269 0.0284918 0.9992182
232.000000 -0.2983521 -0.0649182 0.0432629 -0.0195637 0.0902379 0.0816390 0.9923757
233.000000 -0.3103088 -0.0733162 0.0485533 -0.0231890 0.1044873 0.0840998 0.9906926
241.000000 -0.4048341 -0.0975874 0.0959392 -0.0272765 0.1668152 0.0765800 0.9826313
249.000000 -0.4755519 -0.1484258 0.1651455 -0.0412606 0.1951176 0.0693954 0.9774513
259.000000 -0.5028728 -0.1956882 0.2442202 -0.0400464 0.2044128 0.0363960 0.9773878
261.000000 -0.4990552 -0.2096801 0.2554408 -0.0497552 0.2070801 0.0380077 0.9763184
263.000000 -0.4868526 -0.2121283 0.2527984 -0.0437252 0.2044926 0.0333571 0.9773220
270.000000 -0.4325873 -0.1991984 0.2370812 -0.0446779 0.2282345 0.0457212 0.9715052
272.000000 -0.4111094 -0.1838621 0.2275674 -0.0421509 0.2366821 0.0583014 0.9689199
295.000000 -0.3378997 0.0216394 0.1437755 -0.1742014 0.2097282 0.0543979 0.9605773
298.000000 -0.3353317 0.0420681 0.1175898 -0.1707843 0.1939780 0.0200000 0.9658185
304.000000 -0.2705378 0.0747937 0.0380885 -0.1781019 0.1492407 -0.0191609 0.9724401
310.000000 -0.1964559 0.0772103 -0.0303314 -0.1604174 0.1053375 -0.0577726 0.9797105
314.000000 -0.1374912 0.0756925 -0.0691597 -0.1469927 0.0835667 -0.0824408 0.9821473
326.000000 0.0587534 0.0067356 -0.1306429 -0.1315824 0.0392959 -0.1036135 0.9850919
330.000000 0.1250179 -0.0466518 -0.1548984 -0.1174481 0.0297361 -0.1232184 0.9849563
332.000000 0.1523726 -0.0875308 -0.1679449 -0.1152831 0.0261761 -0.1436775 0.9825382
336.000000 0.1914157 -0.1492386 -0.2003013 -0.1036851 0.0114989 -0.1698361 0.9799351
338.000000 0.2096847 -0.1861756 -0.2177748 -0.1020671 0.0035822 -0.1871450 0.9770088
340.000000 0.2183305 -0.2103325 -0.2370058 -0.0920729 0.0008363 -0.1996021 0.9755414
342.000000 0.2156599 -0.2431598 -0.2554736 -0.0843179 -0.0135376 -0.2030818 0.9754307
344.000000 0.2328402 -0.2498359 -0.2782370 -0.0730794 -0.0460115 -0.2036374 0.9752303
347.000000 0.2691375 -0.3003103 -0.2881808 -0.0809983 -0.0948669 -0.2145117 0.9687230
