210.000000 0.0000000 0.0000000 0.0000000 0.0000000 0.0000000 0.0000000 1.0000000
211.000000 -0.0206142 0.0045304 -0.0038739 0.0004047 0.0019621 -0.0027671 0.9999942
212.000000 -0.0417942 0.0088936 -0.0072251 -0.0029415 0.0037923 -0.0052244 0.9999748
218.000000 -0.1519425 -0.0046236 -0.0086382 -0.0230285 0.0098050 0.0102880 0.9996338
219.000000 -0.1742944 -0.0084346 -0.0113346 -0.0248238 0.0089458 0.0166491 0.9995131
220.000000 -0.1895712 -0.0166611 -0.0094452 -0.0275059 0.0008623 0.0286448 0.9992108
232.000000 -0.2999226 -0.0661167 0.0432719 -0.0200917 0.0910390 0.0819133 0.9922693
233.000000 -0.3119417 -0.0745987 0.0486653 -0.0237488 0.1053162 0.0843323 0.9905719
241.000000 -0.4069808 -0.0991883 0.0965457 -0.0279889 0.1679533 0.0768438 0.9823967
249.000000 -0.4778510 -0.1500571 0.1661978 -0.0420216 0.1964141 0.0696340 0.9771422
259.000000 -0.5048850 -0.1973843 0.2453571 -0.0409180 0.2056490 0.0367040 0.9770809
261.000000 -0.5011030 -0.2114703 0.2566555 -0.0506791 0.2083630 0.0383240 0.9759855
263.000000 -0.4889048 -0.2138031 0.2540028 -0.0446010 0.2057754 0.0336603 0.9770027
270.000000 -0.4345888 -0.2007754 0.2379665 -0.0455006 0.2294494 0.0460186 0.9711668
272.000000 -0.4131437 -0.1854072 0.2283127 -0.0429519 0.2379053 0.0586257 0.9685656
295.000000 -0.3389092 0.0212617 0.1439411 -0.1744016 0.2101959 0.0545230 0.9604317
298.000000 -0.3363117 0.0418130 0.1176667 -0.1709620 0.1944007 0.0200770 0.9657004
304.000000 -0.2713022 0.0745633 0.0380021 -0.1782717 0.1495306 -0.0190802 0.9723660
310.000000 -0.1969348 0.0769223 -0.0305443 -0.1606275 0.1054799 -0.0577223 0.9796637
314.000000 -0.1375164 0.0755112 -0.0693105 -0.1471180 0.0835220 -0.0823435 0.9821405
324.000000 0.0247269 0.0383221 -0.1202980 -0.1342533 0.0473055 -0.1027874 0.9844658
326.000000 0.0592476 0.0066807 -0.1306888 -0.1316185 0.0389782 -0.1036157 0.9850995
330.000000 0.1250041 -0.0457908 -0.1543226 -0.1170569 0.0297450 -0.1232733 0.9849957
332.000000 0.1526069 -0.0863095 -0.1673186 -0.1147594 0.0260401 -0.1436126 0.9826127
334.000000 0.1728486 -0.1126552 -0.1836781 -0.1069676 0.0225805 -0.1574120 0.9814630
336.000000 0.1921318 -0.1479786 -0.1989421 -0.1032406 0.0111773 -0.1694683 0.9800494
338.000000 0.2116082 -0.1838260 -0.2161119 -0.1011429 0.0027349 -0.1866890 0.9771949
340.000000 0.2199142 -0.2085122 -0.2351175 -0.0914360 0.0001179 -0.1989491 0.9757349
