210.000000 0.0000000 0.0000000 0.0000000 0.0000000 0.0000000 0.0000000 1.0000000
212.000000 -0.0408821 0.0087159 -0.0069199 -0.0030657 0.0038418 -0.0057642 0.9999713
218.000000 -0.1465098 -0.0039604 -0.0086728 -0.0227861 0.0087370 0.0098797 0.9996533
219.000000 -0.1686339 -0.0076046 -0.0111865 -0.0246461 0.0080477 0.0161163 0.9995340
220.000000 -0.1833434 -0.0145936 -0.0094759 -0.0268943 -0.0001786 0.0275340 0.9992590
232.000000 -0.2893563 -0.0620769 0.0409240 -0.0189448 0.0886764 0.0811791 0.9925662
233.000000 -0.3003959 -0.0700437 0.0458797 -0.0224878 0.1025648 0.0837229 0.9909416
241.000000 -0.3926539 -0.0941616 0.0910007 -0.0267303 0.1644180 0.0761690 0.9830822
249.000000 -0.4616283 -0.1437010 0.1576220 -0.0404014 0.1921881 0.0690805 0.9780896
259.000000 -0.4888272 -0.1907976 0.2345969 -0.0393211 0.2014147 0.0364141 0.9780388
261.000000 -0.4850083 -0.2042425 0.2455260 -0.0488885 0.2040101 0.0379676 0.9770098
263.000000 -0.4731846 -0.2066836 0.2432617 -0.0428303 0.2015389 0.0333389 0.9779755
270.000000 -0.4196788 -0.1938506 0.2284344 -0.0438050 0.2252777 0.0457147 0.9722351
272.000000 -0.3993694 -0.1789771 0.2194317 -0.0413605 0.2341823 0.0581831 0.9695683
295.000000 -0.3288966 0.0206847 0.1389276 -0.1746968 0.2085913 0.0540788 0.9607529
298.000000 -0.3264638 0.0404579 0.1134695 -0.1713853 0.1929708 0.0197337 0.9659192
304.000000 -0.2634949 0.0724888 0.0364775 -0.1786123 0.1486424 -0.0194529 0.9724324
310.000000 -0.1911733 0.0749486 -0.0300404 -0.1608098 0.1048375 -0.0581737 0.9796761
314.000000 -0.1341659 0.0735460 -0.0676791 -0.1473427 0.0834546 -0.0828169 0.9820727
326.000000 0.0560420 0.0065938 -0.1277454 -0.1317075 0.0400431 -0.1038131 0.9850241
330.000000 0.1207047 -0.0459068 -0.1521008 -0.1176905 0.0305987 -0.1230612 0.9849206
332.000000 0.1465030 -0.0868295 -0.1655958 -0.1160807 0.0272685 -0.1438610 0.9823878
338.000000 0.2029188 -0.1825791 -0.2143386 -0.1024302 0.0045542 -0.1871415 0.9769675
340.000000 0.2113815 -0.2066710 -0.2338907 -0.0924834 0.0017048 -0.1996956 0.9754822
342.000000 0.2085162 -0.2380147 -0.2511983 -0.0844958 -0.0124587 -0.2034128 0.9753607
344.000000 0.2262987 -0.2434939 -0.2733080 -0.0725302 -0.0452272 -0.2035487 0.9753265
347.000000 0.2600549 -0.2937228 -0.2843032 -0.0811207 -0.0933007 -0.2143029 0.9689111
350.000000 0.2966643 -0.3395138 -0.3015639 -0.0733957 -0.1116069 -0.2371178 0.9622537
352.000000 0.3253928 -0.3649723 -0.3170761 -0.0671602 -0.1193603 -0.2495931 0.9586167
354.000000 0.3486549 -0.4336748 -0.3253874 -0.0718065 -0.1255159 -0.2697791 0.9520025
356.000000 0.3653793 -0.4721487 -0.3443246 -0.0433393 -0.1137888 -0.2871343 0.9501199
360.000000 0.3666782 -0.4985238 -0.3632166 0.0253343 -0.1252637 -0.3441314 0.9301832
362.000000 0.3768439 -0.5025106 -0.3627213 0.0374673 -0.1616196 -0.3646538 0.9162439
364.000000 0.3914138 -0.5331186 -0.3333081 0.0302583 -0.1944100 -0.4008865 0.8947509
368.000000 0.4086041 -0.5565299 -0.2801858 0.0601239 -0.2227013 -0.4592979 0.8578081
370.000000 0.4591619 -0.5300073 -0.2329192 0.0469241 -0.2448201 -0.4875703 0.8367416
372.000000 0.4660301 -0.5391299 -0.1883259 0.0136053 -0.2564278 -0.5068871 0.8228762
374.000000 0.4830365 -0.5468209 -0.1461675 -0.0138004 -0.2669010 -0.5171052 0.8131271
379.000000 0.5486234 -0.5732055 -0.0488898 -0.0723161 -0.3282338 -0.4653185 0.8188478
382.000000 0.6072716 -0.5969005 -0.0001080 -0.0954011 -0.3585223 -0.4371831 0.8192871
385.000000 0.6759811 -0.6178985 0.0410111 -0.0966269 -0.3836235 -0.4072642 0.8231842
388.000000 0.7489321 -0.6377089 0.0857061 -0.0990005 -0.4112629 -0.3754421 0.8246847
395.000000 0.9298015 -0.6565356 0.2005237 -0.0642964 -0.4348713 -0.3259253 0.8369741
403.000000 1.1152586 -0.6400864 0.2511932 -0.0822839 -0.4482672 -0.3332394 0.8253711
406.000000 1.1783981 -0.6797011 0.2713379 -0.0723894 -0.4466248 -0.3575906 0.8169547
408.000000 1.1991115 -0.7001719 0.2709774 -0.0706999 -0.4336890 -0.3714189 0.8179018
411.000000 1.2587261 -0.7188882 0.2845979 -0.0681665 -0.4465240 -0.3756890 0.8092141
413.000000 1.2932087 -0.7394633 0.3059203 -0.0696841 -0.4432510 -0.3785578 0.8095472
418.000000 1.3631141 -0.7876995 0.3636343 -0.0708992 -0.4426299 -0.4077480 0.7954832
420.000000 1.3843894 -0.8058836 0.3849429 -0.0589198 -0.4488483 -0.4156110 0.7888797
422.000000 1.4030024 -0.8213276 0.4042792 -0.0659745 -0.4563664 -0.4180082 0.7827172
424.000000 1.4257262 -0.8405350 0.4196832 -0.0716963 -0.4796315 -0.4153861 0.7695893
436.000000 1.5305732 -0.9491036 0.5264142 -0.0611763 -0.5381042 -0.4504634 0.7097774
438.000000 1.5512451 -0.9641141 0.5415333 -0.0696178 -0.5466756 -0.4561139 0.6987555
448.000000 1.5854982 -1.0614777 0.6321440 -0.0783168 -0.5839406 -0.4636595 0.6617399
452.000000 1.5535045 -1.0873663 0.6743655 -0.0662368 -0.6020782 -0.4547755 0.6529117
454.000000 1.5355116 -1.0925473 0.6969664 -0.0645145 -0.6163126 -0.4497204 0.6432326
458.000000 1.4762174 -1.1080377 0.7496182 -0.0575277 -0.6307004 -0.4491536 0.6302131
462.000000 1.4188761 -1.1238091 0.8039516 -0.0562569 -0.6408073 -0.4530213 0.6172299
470.000000 1.2805207 -1.2072338 0.8662965 -0.0722576 -0.6308406 -0.4556687 0.6238469
476.000000 1.1863723 -1.2643000 0.8457670 -0.0681273 -0.6274512 -0.4780510 0.6108444
478.000000 1.1569597 -1.2796221 0.8361486 -0.0652822 -0.6385668 -0.4762098 0.6009949
481.000000 1.1109875 -1.3004041 0.8232264 -0.0551186 -0.6486170 -0.4784608 0.5893498
483.000000 1.0938761 -1.3071616 0.8293520 -0.0508157 -0.6465821 -0.4829077 0.5883448
490.000000 1.0302360 -1.2983969 0.8332772 -0.0917465 -0.5982199 -0.5477991 0.5776086
493.000000 0.9973692 -1.2796853 0.8308163 -0.0915111 -0.5692191 -0.5748089 0.5806980
499.000000 0.9514436 -1.2454443 0.8662850 -0.0865817 -0.5327324 -0.6091779 0.5810354
501.000000 0.9444579 -1.2136209 0.8748654 -0.0747448 -0.5203367 -0.6190506 0.5834718
503.000000 0.9440762 -1.1908679 0.8946173 -0.0828113 -0.5193775 -0.6209642 0.5811994
506.000000 0.9334849 -1.1568091 0.9147801 -0.1018438 -0.5036182 -0.6322348 0.5798929
512.000000 0.9442887 -1.0645332 0.9423186 -0.1302037 -0.4783932 -0.6372038 0.5900494
514.000000 0.9544017 -1.0237929 0.9441800 -0.1384519 -0.4758581 -0.6343298 0.5933092
517.000000 0.9692409 -0.9744614 0.9351931 -0.1479128 -0.4765501 -0.6322668 0.5926723
520.000000 0.9887415 -0.9290194 0.9187306 -0.1551792 -0.4721709 -0.6315016 0.5951300
523.000000 1.0093826 -0.8850133 0.8954341 -0.1656139 -0.4679143 -0.6272562 0.6001483
526.000000 1.0249869 -0.8436563 0.8703257 -0.1822567 -0.4565330 -0.6274154 0.6039123
532.000000 1.0505198 -0.7739100 0.8135237 -0.1934839 -0.4559367 -0.6227812 0.6056644
535.000000 1.0549487 -0.7477895 0.7886156 -0.2008624 -0.4504901 -0.6198440 0.6103331
538.000000 1.0561510 -0.7206721 0.7662258 -0.2080149 -0.4468252 -0.6149094 0.6156001
541.000000 1.0558218 -0.6991727 0.7471150 -0.2092024 -0.4386156 -0.6072985 0.6285215
544.000000 1.0535477 -0.6842118 0.7248710 -0.2070571 -0.4464156 -0.5921453 0.6381257
550.000000 1.0353521 -0.6680136 0.6746675 -0.1816388 -0.4608983 -0.5602768 0.6638297
553.000000 1.0325253 -0.6635745 0.6576005 -0.1803165 -0.4586115 -0.5453844 0.6780245
557.000000 1.0249271 -0.6607347 0.6415780 -0.1782720 -0.4482026 -0.5362747 0.6926348
560.000000 1.0222826 -0.6532843 0.6238707 -0.1742401 -0.4401161 -0.5232689 0.7086098
564.000000 1.0215056 -0.6534566 0.6089474 -0.1790409 -0.4327303 -0.5150934 0.7178911
