210.000000 0.0000000 0.0000000 0.0000000 0.0000000 0.0000000 0.0000000 1.0000000
212.000000 -0.0408821 0.0087159 -0.0069199 -0.0030657 0.0038418 -0.0057642 0.9999713
218.000000 -0.1465098 -0.0039604 -0.0086728 -0.0227861 0.0087370 0.0098797 0.9996533
219.000000 -0.1686339 -0.0076046 -0.0111865 -0.0246461 0.0080477 0.0161163 0.9995340
220.000000 -0.1833434 -0.0145936 -0.0094759 -0.0268943 -0.0001786 0.0275340 0.9992590
232.000000 -0.2893563 -0.0620769 0.0409240 -0.0189448 0.0886764 0.0811791 0.9925662
233.000000 -0.3003959 -0.0700437 0.0458797 -0.0224878 0.1025648 0.0837229 0.9909416
241.000000 -0.3926539 -0.0941616 0.0910007 -0.0267303 0.1644180 0.0761690 0.9830822
249.000000 -0.4616283 -0.1437010 0.1576220 -0.0404014 0.1921881 0.0690805 0.9780896
259.000000 -0.4888272 -0.1907976 0.2345969 -0.0393211 0.2014147 0.0364141 0.9780388
261.000000 -0.4850083 -0.2042425 0.2455260 -0.0488885 0.2040101 0.0379676 0.9770098
263.000000 -0.4731846 -0.2066836 0.2432617 -0.0428303 0.2015389 0.0333389 0.9779755
270.000000 -0.4196788 -0.1938506 0.2284344 -0.0438050 0.2252777 0.0457147 0.9722351
272.000000 -0.3993694 -0.1789771 0.2194317 -0.0413605 0.2341823 0.0581831 0.9695683
295.000000 -0.3288966 0.0206847 0.1389276 -0.1746968 0.2085913 0.0540788 0.9607529
298.000000 -0.3264638 0.0404579 0.1134695 -0.1713853 0.1929708 0.0197337 0.9659192
304.000000 -0.2634949 0.0724888 0.0364775 -0.1786123 0.1486424 -0.0194529 0.9724324
310.000000 -0.1911733 0.0749486 -0.0300404 -0.1608098 0.1048375 -0.0581737 0.9796761
314.000000 -0.1341659 0.0735460 -0.0676791 -0.1473427 0.0834546 -0.0828169 0.9820727
326.000000 0.0560420 0.0065938 -0.1277454 -0.1317075 0.0400431 -0.1038131 0.9850241
330.000000 0.1207069 -0.0460081 -0.1521576 -0.1177356 0.0305952 -0.1230765 0.9849134
332.000000 0.1465030 -0.0868295 -0.1655958 -0.1160807 0.0272685 -0.1438610 0.9823878
338.000000 0.2030537 -0.1826886 -0.2142933 -0.1024608 0.0044878 -0.1871462 0.9769636
340.000000 0.2115071 -0.2068035 -0.2338768 -0.0925273 0.0016451 -0.1997077 0.9754757
342.000000 0.2087085 -0.2381740 -0.2510487 -0.0845571 -0.0125385 -0.2033891 0.9753593
344.000000 0.2264025 -0.2434399 -0.2732801 -0.0724830 -0.0452526 -0.2035778 0.9753228
347.000000 0.2602384 -0.2939954 -0.2842516 -0.0812013 -0.0933844 -0.2142795 0.9689015
350.000000 0.2967975 -0.3395813 -0.3016030 -0.0733896 -0.1116609 -0.2371625 0.9622369
352.000000 0.3257649 -0.3657492 -0.3171384 -0.0673960 -0.1195494 -0.2495193 0.9585958
354.000000 0.3490709 -0.4339564 -0.3252158 -0.0719052 -0.1256915 -0.2697305 0.9519857
356.000000 0.3659015 -0.4726061 -0.3440472 -0.0434662 -0.1140224 -0.2870359 0.9501157
360.000000 0.3670948 -0.4991808 -0.3630253 0.0251572 -0.1254737 -0.3441137 0.9301662
362.000000 0.3771861 -0.5028718 -0.3624509 0.0373774 -0.1617948 -0.3645989 0.9162385
364.000000 0.3922127 -0.5336139 -0.3326694 0.0301556 -0.1947564 -0.4006830 0.8947702
366.000000 0.4003989 -0.5670003 -0.3091245 0.0411435 -0.2108139 -0.4301127 0.8768511
368.000000 0.4090146 -0.5568449 -0.2798985 0.0600687 -0.2228997 -0.4592328 0.8577952
370.000000 0.4595574 -0.5303181 -0.2326226 0.0468345 -0.2450178 -0.4874334 0.8367685
372.000000 0.4668984 -0.5395921 -0.1885085 0.0136004 -0.2567238 -0.5067938 0.8228414
374.000000 0.4838082 -0.5469980 -0.1455126 -0.0137304 -0.2672875 -0.5169930 0.8130727
379.000000 0.5483338 -0.5727448 -0.0489703 -0.0721890 -0.3281456 -0.4654965 0.8187932
382.000000 0.6067151 -0.5954154 -0.0001630 -0.0949350 -0.3582983 -0.4376031 0.8192150
385.000000 0.6758305 -0.6168155 0.0409237 -0.0962112 -0.3835537 -0.4075400 0.8231288
388.000000 0.7493988 -0.6370287 0.0864786 -0.0986609 -0.4116102 -0.3756136 0.8244741
391.000000 0.8211201 -0.6496533 0.1325465 -0.0932913 -0.4306633 -0.3466626 0.8280404
395.000000 0.9321554 -0.6576582 0.2025198 -0.0645651 -0.4360454 -0.3254352 0.8365331
398.000000 1.0107090 -0.6393552 0.2290072 -0.0449601 -0.4343599 -0.3231394 0.8395779
401.000000 1.0762618 -0.6359023 0.2473680 -0.0625206 -0.4398669 -0.3238153 0.8353155
403.000000 1.1208657 -0.6451072 0.2508714 -0.0837060 -0.4487811 -0.3320164 0.8254417
