210.000000 0.0000000 0.0000000 0.0000000 0.0000000 0.0000000 0.0000000 1.0000000
211.000000 -0.0229555 0.0060681 -0.0024565 0.0011680 0.0028089 -0.0024560 0.9999924
212.000000 -0.0478455 0.0118206 -0.0051625 -0.0015864 0.0060203 -0.0051253 0.9999675
214.000000 -0.0901255 0.0081035 -0.0040493 -0.0114055 0.0064661 -0.0010244 0.9999135
215.000000 -0.1095381 0.0120444 -0.0028491 -0.0122273 0.0076278 0.0018008 0.9998946
217.000000 -0.1467274 0.0019050 0.0013465 -0.0208811 0.0125217 0.0083514 0.9996687
218.000000 -0.1701643 0.0015018 0.0023983 -0.0197772 0.0164787 0.0101209 0.9996174
219.000000 -0.1955516 -0.0017873 0.0025403 -0.0211985 0.0167735 0.0164110 0.9994999
220.000000 -0.2153563 -0.0104362 0.0047954 -0.0237799 0.0104744 0.0281457 0.9992660
221.000000 -0.2287734 -0.0073156 0.0095432 -0.0206570 0.0028024 0.0373547 0.9990846
222.000000 -0.2396413 -0.0078198 0.0173243 -0.0242721 -0.0019202 0.0450798 0.9986866
