210.000000 0.0000000 0.0000000 0.0000000 0.0000000 0.0000000 0.0000000 1.0000000
211.000000 -0.0205008 0.0045720 -0.0035732 0.0004898 0.0020307 -0.0027017 0.9999942
212.000000 -0.0416082 0.0093555 -0.0064771 -0.0026261 0.0038944 -0.0051721 0.9999756
214.000000 -0.0795577 0.0048452 -0.0077186 -0.0129919 0.0030570 -0.0010887 0.9999104
218.000000 -0.1503098 -0.0039271 -0.0064119 -0.0226829 0.0097701 0.0104216 0.9996406
219.000000 -0.1732771 -0.0075944 -0.0089046 -0.0243598 0.0092034 0.0169213 0.9995177
220.000000 -0.1890899 -0.0156706 -0.0070098 -0.0269775 0.0012465 0.0290715 0.9992124
228.000000 -0.2634790 -0.0468640 0.0330253 -0.0178138 0.0332589 0.0575999 0.9976265
232.000000 -0.2993301 -0.0601554 0.0501431 -0.0174333 0.0926470 0.0808402 0.9922588
233.000000 -0.3109821 -0.0687902 0.0560798 -0.0211620 0.1069054 0.0834696 0.9905333
239.000000 -0.3790125 -0.0886299 0.0895979 -0.0223272 0.1587156 0.0815290 0.9836991
241.000000 -0.4028906 -0.0915793 0.1044936 -0.0248020 0.1690284 0.0758235 0.9823772
249.000000 -0.4709065 -0.1393027 0.1737904 -0.0377912 0.1969625 0.0679604 0.9773223
259.000000 -0.4973788 -0.1856034 0.2506858 -0.0364113 0.2062322 0.0349451 0.9772007
261.000000 -0.4937096 -0.1989716 0.2616305 -0.0458793 0.2089588 0.0365681 0.9761630
263.000000 -0.4818808 -0.2016695 0.2591238 -0.0399969 0.2064331 0.0320041 0.9771189
270.000000 -0.4289950 -0.1892489 0.2433938 -0.0409628 0.2301177 0.0444994 0.9712815
272.000000 -0.4076551 -0.1733929 0.2337616 -0.0379975 0.2384116 0.0570776 0.9687406
274.000000 -0.3905963 -0.1562568 0.2284992 -0.0482420 0.2445937 0.0786803 0.9652233
276.000000 -0.3665701 -0.1239415 0.2153461 -0.0477953 0.2562630 0.0870590 0.9614913
279.000000 -0.3558548 -0.1056657 0.2115665 -0.0695519 0.2572366 0.1242485 0.9558003
281.000000 -0.3489838 -0.0946952 0.2066240 -0.0804259 0.2581413 0.1395729 0.9525829
283.000000 -0.3427158 -0.0755660 0.1983605 -0.0868173 0.2594179 0.1387623 0.9517931
285.000000 -0.3454775 -0.0628710 0.1972900 -0.1009712 0.2617376 0.1312924 0.9508210
288.000000 -0.3464072 -0.0299250 0.1908462 -0.1207324 0.2589451 0.1109196 0.9518760
