210.000000 0.0000000 0.0000000 0.0000000 0.0000000 0.0000000 0.0000000 1.0000000
211.000000 -0.0209627 0.0040061 -0.0045534 0.0000964 0.0020904 -0.0026957 0.9999942
212.000000 -0.0422552 0.0087061 -0.0074660 -0.0030908 0.0039947 -0.0053805 0.9999728
218.000000 -0.1510765 -0.0042762 -0.0089234 -0.0228687 0.0092920 0.0100978 0.9996443
219.000000 -0.1737242 -0.0081087 -0.0114990 -0.0247256 0.0085686 0.0164043 0.9995229
220.000000 -0.1893412 -0.0164033 -0.0097759 -0.0274265 0.0005645 0.0283553 0.9992214
232.000000 -0.2990230 -0.0652738 0.0426820 -0.0196766 0.0902290 0.0815617 0.9923806
233.000000 -0.3108142 -0.0735958 0.0480029 -0.0232744 0.1043826 0.0840202 0.9907084
241.000000 -0.4054960 -0.0980129 0.0952214 -0.0274384 0.1665877 0.0764218 0.9826776
249.000000 -0.4764049 -0.1487714 0.1645895 -0.0412851 0.1948330 0.0691883 0.9775217
259.000000 -0.5038290 -0.1962421 0.2438077 -0.0400987 0.2041033 0.0362655 0.9774553
261.000000 -0.4999728 -0.2103083 0.2550446 -0.0498222 0.2067459 0.0378897 0.9763904
263.000000 -0.4878201 -0.2128756 0.2524269 -0.0438378 0.2042030 0.0332142 0.9773823
270.000000 -0.4332892 -0.1996636 0.2366964 -0.0446626 0.2279127 0.0455738 0.9715884
272.000000 -0.4118770 -0.1845080 0.2272760 -0.0422528 0.2364499 0.0581430 0.9689817
295.000000 -0.3391054 0.0203635 0.1433421 -0.1750627 0.2099819 0.0544950 0.9603598
298.000000 -0.3365130 0.0408749 0.1170914 -0.1716259 0.1942005 0.0200542 0.9656234
304.000000 -0.2717624 0.0734913 0.0375171 -0.1789826 0.1495310 -0.0190434 0.9722361
310.000000 -0.1974259 0.0761310 -0.0310379 -0.1611366 0.1055171 -0.0578033 0.9795713
314.000000 -0.1385407 0.0745765 -0.0699267 -0.1476948 0.0838091 -0.0823213 0.9820313
326.000000 0.0577026 0.0067628 -0.1307697 -0.1316256 0.0398366 -0.1036253 0.9850633
330.000000 0.1237718 -0.0465942 -0.1552052 -0.1174792 0.0304298 -0.1230639 0.9849507
332.000000 0.1503697 -0.0878524 -0.1685585 -0.1155629 0.0271880 -0.1437600 0.9824658
338.000000 0.2085726 -0.1857067 -0.2183646 -0.1018499 0.0042280 -0.1870868 0.9770401
340.000000 0.2175694 -0.2099514 -0.2381059 -0.0917644 0.0012866 -0.1995151 0.9755877
342.000000 0.2151977 -0.2426521 -0.2559526 -0.0841024 -0.0131530 -0.2031132 0.9754480
344.000000 0.2319550 -0.2503623 -0.2788992 -0.0731221 -0.0454405 -0.2033793 0.9753078
347.000000 0.2672587 -0.3021521 -0.2901783 -0.0816630 -0.0939715 -0.2143778 0.9687842
350.000000 0.3053839 -0.3499340 -0.3079430 -0.0741938 -0.1125129 -0.2369818 0.9621204
352.000000 0.3350881 -0.3768159 -0.3237521 -0.0682095 -0.1204572 -0.2493244 0.9584753
354.000000 0.3616116 -0.4508822 -0.3297264 -0.0739283 -0.1277026 -0.2688364 0.9518160
356.000000 0.3788405 -0.4888048 -0.3477321 -0.0453270 -0.1161729 -0.2860776 0.9500573
358.000000 0.3804718 -0.5143489 -0.3605821 -0.0035122 -0.1137447 -0.3121262 0.9432004
