210.000000 0.0000000 0.0000000 0.0000000 0.0000000 0.0000000 0.0000000 1.0000000
211.000000 -0.0201018 0.0046446 -0.0033331 0.0004969 0.0018377 -0.0028076 0.9999942
212.000000 -0.0412896 0.0090689 -0.0069813 -0.0028748 0.0036833 -0.0052932 0.9999751
218.000000 -0.1511483 -0.0036551 -0.0074193 -0.0225830 0.0098268 0.0101531 0.9996451
219.000000 -0.1739904 -0.0076171 -0.0100470 -0.0244768 0.0091624 0.0166462 0.9995198
220.000000 -0.1895407 -0.0156051 -0.0079949 -0.0270366 0.0011691 0.0284820 0.9992279
232.000000 -0.2991111 -0.0642251 0.0443789 -0.0193034 0.0912050 0.0816302 0.9922931
233.000000 -0.3108836 -0.0731431 0.0496225 -0.0231892 0.1053931 0.0842065 0.9905876
241.000000 -0.4056707 -0.0972759 0.0974322 -0.0273236 0.1681293 0.0767436 0.9823932
249.000000 -0.4757910 -0.1467963 0.1671783 -0.0408285 0.1964548 0.0691780 0.9772170
259.000000 -0.5028293 -0.1937042 0.2457952 -0.0395392 0.2058302 0.0362878 0.9771150
261.000000 -0.4989052 -0.2077114 0.2568017 -0.0492880 0.2084509 0.0379075 0.9760543
263.000000 -0.4868202 -0.2101421 0.2542002 -0.0432636 0.2058812 0.0333411 0.9770515
270.000000 -0.4325066 -0.1970030 0.2380923 -0.0440928 0.2292810 0.0456924 0.9712869
272.000000 -0.4111979 -0.1814131 0.2285946 -0.0413588 0.2377695 0.0583007 0.9686878
281.000000 -0.3494555 -0.0991973 0.1999729 -0.0828070 0.2560891 0.1405205 0.9527934
285.000000 -0.3457989 -0.0672179 0.1912812 -0.1037106 0.2598381 0.1317168 0.9509884
288.000000 -0.3457635 -0.0332382 0.1852674 -0.1231230 0.2567575 0.1103736 0.9522258
295.000000 -0.3393872 0.0214621 0.1457966 -0.1742046 0.2114971 0.0547828 0.9601669
298.000000 -0.3363464 0.0433122 0.1194958 -0.1699344 0.1955268 0.0201206 0.9656535
304.000000 -0.2718675 0.0750522 0.0388908 -0.1780547 0.1504654 -0.0192103 0.9722590
310.000000 -0.1960638 0.0783515 -0.0301133 -0.1597096 0.1054487 -0.0579274 0.9798050
312.000000 -0.1675975 0.0843262 -0.0565145 -0.1504777 0.0929060 -0.0751362 0.9813662
314.000000 -0.1363764 0.0771514 -0.0688677 -0.1461196 0.0833111 -0.0826226 0.9822839
317.000000 -0.0984071 0.0663925 -0.0872802 -0.1424287 0.0681055 -0.0916245 0.9831992
320.000000 -0.0391685 0.0597668 -0.1046650 -0.1385686 0.0469965 -0.1001534 0.9841542
322.000000 -0.0026584 0.0428730 -0.1108371 -0.1397504 0.0477961 -0.1033591 0.9836169
324.000000 0.0242972 0.0384794 -0.1210960 -0.1341660 0.0476637 -0.1029975 0.9844385
