210.000000 0.0000000 0.0000000 0.0000000 0.0000000 0.0000000 0.0000000 1.0000000
212.000000 -0.0408821 0.0087159 -0.0069199 -0.0030657 0.0038418 -0.0057642 0.9999713
218.000000 -0.1465098 -0.0039604 -0.0086728 -0.0227861 0.0087370 0.0098797 0.9996533
219.000000 -0.1686339 -0.0076046 -0.0111865 -0.0246461 0.0080477 0.0161163 0.9995340
220.000000 -0.1833434 -0.0145936 -0.0094759 -0.0268943 -0.0001786 0.0275340 0.9992590
232.000000 -0.2893563 -0.0620769 0.0409240 -0.0189448 0.0886764 0.0811791 0.9925662
233.000000 -0.3003959 -0.0700437 0.0458797 -0.0224878 0.1025648 0.0837229 0.9909416
241.000000 -0.3926539 -0.0941616 0.0910007 -0.0267303 0.1644180 0.0761690 0.9830822
249.000000 -0.4616283 -0.1437010 0.1576220 -0.0404014 0.1921881 0.0690805 0.9780896
259.000000 -0.4888272 -0.1907976 0.2345969 -0.0393211 0.2014147 0.0364141 0.9780388
261.000000 -0.4850083 -0.2042425 0.2455260 -0.0488885 0.2040101 0.0379676 0.9770098
263.000000 -0.4731846 -0.2066836 0.2432617 -0.0428303 0.2015389 0.0333389 0.9779755
270.000000 -0.4196788 -0.1938506 0.2284344 -0.0438050 0.2252777 0.0457147 0.9722351
272.000000 -0.3993694 -0.1789771 0.2194317 -0.0413605 0.2341823 0.0581831 0.9695683
295.000000 -0.3288966 0.0206847 0.1389276 -0.1746968 0.2085913 0.0540788 0.9607529
298.000000 -0.3264638 0.0404579 0.1134695 -0.1713853 0.1929708 0.0197337 0.9659192
304.000000 -0.2634949 0.0724888 0.0364775 -0.1786123 0.1486424 -0.0194529 0.9724324
310.000000 -0.1911733 0.0749486 -0.0300404 -0.1608098 0.1048375 -0.0581737 0.9796761
314.000000 -0.1341659 0.0735460 -0.0676791 -0.1473427 0.0834546 -0.0828169 0.9820727
326.000000 0.0560420 0.0065938 -0.1277454 -0.1317075 0.0400431 -0.1038131 0.9850241
330.000000 0.1207047 -0.0459068 -0.1521008 -0.1176905 0.0305987 -0.1230612 0.9849206
332.000000 0.1465030 -0.0868295 -0.1655958 -0.1160807 0.0272685 -0.1438610 0.9823878
338.000000 0.2029188 -0.1825791 -0.2143386 -0.1024302 0.0045542 -0.1871415 0.9769675
340.000000 0.2113815 -0.2066710 -0.2338907 -0.0924834 0.0017048 -0.1996956 0.9754822
342.000000 0.2085162 -0.2380147 -0.2511983 -0.0844958 -0.0124587 -0.2034128 0.9753607
344.000000 0.2262987 -0.2434939 -0.2733080 -0.0725302 -0.0452272 -0.2035487 0.9753265
347.000000 0.2600549 -0.2937228 -0.2843032 -0.0811207 -0.0933007 -0.2143029 0.9689111
350.000000 0.2966643 -0.3395138 -0.3015639 -0.0733957 -0.1116069 -0.2371178 0.9622537
352.000000 0.3253928 -0.3649723 -0.3170761 -0.0671602 -0.1193603 -0.2495931 0.9586167
354.000000 0.3486549 -0.4336748 -0.3253874 -0.0718065 -0.1255159 -0.2697791 0.9520025
356.000000 0.3653793 -0.4721487 -0.3443246 -0.0433393 -0.1137888 -0.2871343 0.9501199
360.000000 0.3666782 -0.4985238 -0.3632166 0.0253343 -0.1252637 -0.3441314 0.9301832
362.000000 0.3768439 -0.5025106 -0.3627213 0.0374673 -0.1616196 -0.3646538 0.9162439
364.000000 0.3914138 -0.5331186 -0.3333081 0.0302583 -0.1944100 -0.4008865 0.8947509
368.000000 0.4086041 -0.5565299 -0.2801858 0.0601239 -0.2227013 -0.4592979 0.8578081
370.000000 0.4591619 -0.5300073 -0.2329192 0.0469241 -0.2448201 -0.4875703 0.8367416
372.000000 0.4660301 -0.5391299 -0.1883259 0.0136053 -0.2564278 -0.5068871 0.8228762
374.000000 0.4830365 -0.5468209 -0.1461675 -0.0138004 -0.2669010 -0.5171052 0.8131271
379.000000 0.5484924 -0.5731100 -0.0490002 -0.0722952 -0.3281679 -0.4653541 0.8188558
382.000000 0.6072348 -0.5968152 -0.0001192 -0.0953484 -0.3585139 -0.4372365 0.8192684
385.000000 0.6758430 -0.6178881 0.0408003 -0.0966118 -0.3835509 -0.4073353 0.8231846
388.000000 0.7488472 -0.6377501 0.0855154 -0.0989997 -0.4112053 -0.3754824 0.8246953
395.000000 0.9309977 -0.6576941 0.2008244 -0.0644399 -0.4352202 -0.3258539 0.8368095
403.000000 1.1160831 -0.6401882 0.2506027 -0.0822290 -0.4481434 -0.3331646 0.8254739
406.000000 1.1805081 -0.6807995 0.2713152 -0.0722343 -0.4468315 -0.3577473 0.8167868
408.000000 1.2012773 -0.7018600 0.2700897 -0.0708075 -0.4337246 -0.3714413 0.8178635
411.000000 1.2620389 -0.7222488 0.2841294 -0.0685563 -0.4468683 -0.3758106 0.8089346
413.000000 1.2959821 -0.7412699 0.3065990 -0.0698588 -0.4436167 -0.3785229 0.8093481
418.000000 1.3659756 -0.7890817 0.3662959 -0.0711166 -0.4435147 -0.4072887 0.7952063
420.000000 1.3869410 -0.8088832 0.3861533 -0.0594459 -0.4493056 -0.4155826 0.7885948
422.000000 1.4060370 -0.8247726 0.4051093 -0.0663563 -0.4567350 -0.4181828 0.7823766
424.000000 1.4290209 -0.8426164 0.4217384 -0.0717237 -0.4803366 -0.4152784 0.7692050
434.000000 1.5144134 -0.9366186 0.5145077 -0.0654533 -0.5276799 -0.4453381 0.7203775
436.000000 1.5331471 -0.9520131 0.5310454 -0.0614909 -0.5392397 -0.4503855 0.7089375
438.000000 1.5538723 -0.9673581 0.5459672 -0.0700029 -0.5476820 -0.4560608 0.6979631
448.000000 1.5874125 -1.0613157 0.6412640 -0.0777618 -0.5859599 -0.4630072 0.6604760
452.000000 1.5546269 -1.0851125 0.6837756 -0.0654114 -0.6040867 -0.4539340 0.6517243
454.000000 1.5363503 -1.0908780 0.7068288 -0.0639189 -0.6184165 -0.4487950 0.6419178
458.000000 1.4763013 -1.1061573 0.7596459 -0.0569056 -0.6327904 -0.4482346 0.6288273
462.000000 1.4183517 -1.1211667 0.8138961 -0.0556211 -0.6429241 -0.4519924 0.6158390
468.000000 1.3169072 -1.1791303 0.8722125 -0.0638087 -0.6365345 -0.4512034 0.6222281
470.000000 1.2792397 -1.2048817 0.8784308 -0.0724405 -0.6335414 -0.4541246 0.6222125
474.000000 1.2197975 -1.2435509 0.8744397 -0.0606373 -0.6325960 -0.4690152 0.6133271
476.000000 1.1846364 -1.2630966 0.8590328 -0.0686423 -0.6304088 -0.4765826 0.6088859
478.000000 1.1544943 -1.2777021 0.8484123 -0.0658264 -0.6411734 -0.4747800 0.5992892
481.000000 1.1085181 -1.2979288 0.8363272 -0.0555792 -0.6514199 -0.4768651 0.5875056
483.000000 1.0911593 -1.3017869 0.8427544 -0.0509887 -0.6494869 -0.4810118 0.5866810
485.000000 1.0787951 -1.3004607 0.8384819 -0.0564896 -0.6373707 -0.4837931 0.5970860
487.000000 1.0638505 -1.2971035 0.8346059 -0.0767248 -0.6195713 -0.5082767 0.5932111
490.000000 1.0301766 -1.2939785 0.8485048 -0.0916617 -0.6021850 -0.5451302 0.5760247
493.000000 0.9988140 -1.2755032 0.8458259 -0.0909736 -0.5733265 -0.5722445 0.5792727
