210.000000 0.0000000 0.0000000 0.0000000 0.0000000 0.0000000 0.0000000 1.0000000
211.000000 -0.0201062 0.0046106 -0.0033996 0.0005242 0.0018785 -0.0026711 0.9999945
212.000000 -0.0410437 0.0094589 -0.0062392 -0.0025670 0.0036868 -0.0051654 0.9999766
214.000000 -0.0786026 0.0049721 -0.0075109 -0.0129066 0.0027278 -0.0011797 0.9999123
218.000000 -0.1486173 -0.0035359 -0.0062713 -0.0225185 0.0092338 0.0101879 0.9996518
219.000000 -0.1714607 -0.0067998 -0.0084276 -0.0240266 0.0086279 0.0166144 0.9995360
220.000000 -0.1870786 -0.0144587 -0.0062743 -0.0264767 0.0006367 0.0286620 0.9992383
228.000000 -0.2610476 -0.0451893 0.0338225 -0.0171114 0.0325300 0.0570510 0.9976944
232.000000 -0.2964104 -0.0589142 0.0508008 -0.0169530 0.0917269 0.0802153 0.9924033
233.000000 -0.3076137 -0.0671286 0.0567021 -0.0205440 0.1057659 0.0830874 0.9907008
239.000000 -0.3745573 -0.0863304 0.0896622 -0.0214433 0.1571295 0.0806627 0.9840447
241.000000 -0.3980666 -0.0895404 0.1040873 -0.0240259 0.1671808 0.0750952 0.9827685
247.000000 -0.4511609 -0.1309285 0.1554953 -0.0389945 0.1954645 0.0677918 0.9775875
249.000000 -0.4668154 -0.1364094 0.1729700 -0.0366460 0.1954806 0.0671610 0.9777187
259.000000 -0.4929806 -0.1819777 0.2495406 -0.0348878 0.2045002 0.0340436 0.9776521
261.000000 -0.4897494 -0.1952804 0.2610009 -0.0443014 0.2074825 0.0355372 0.9765887
263.000000 -0.4778575 -0.1976409 0.2583122 -0.0382500 0.2049302 0.0309570 0.9775389
266.000000 -0.4618514 -0.1992883 0.2560450 -0.0349783 0.2215256 0.0258418 0.9741843
268.000000 -0.4470744 -0.1972626 0.2537296 -0.0389534 0.2261571 0.0371581 0.9726021
270.000000 -0.4247387 -0.1869418 0.2428482 -0.0400976 0.2287288 0.0439845 0.9716690
