210.000000 0.0000000 0.0000000 0.0000000 0.0000000 0.0000000 0.0000000 1.0000000
212.000000 -0.0408821 0.0087159 -0.0069199 -0.0030657 0.0038418 -0.0057642 0.9999713
218.000000 -0.1465098 -0.0039604 -0.0086728 -0.0227861 0.0087370 0.0098797 0.9996533
219.000000 -0.1686339 -0.0076046 -0.0111865 -0.0246461 0.0080477 0.0161163 0.9995340
220.000000 -0.1833434 -0.0145936 -0.0094759 -0.0268943 -0.0001786 0.0275340 0.9992590
232.000000 -0.2893563 -0.0620769 0.0409240 -0.0189448 0.0886764 0.0811791 0.9925662
233.000000 -0.3003959 -0.0700437 0.0458797 -0.0224878 0.1025648 0.0837229 0.9909416
241.000000 -0.3926539 -0.0941616 0.0910007 -0.0267303 0.1644180 0.0761690 0.9830822
249.000000 -0.4616283 -0.1437010 0.1576220 -0.0404014 0.1921881 0.0690805 0.9780896
259.000000 -0.4888272 -0.1907976 0.2345969 -0.0393211 0.2014147 0.0364141 0.9780388
261.000000 -0.4850083 -0.2042425 0.2455260 -0.0488885 0.2040101 0.0379676 0.9770098
263.000000 -0.4731846 -0.2066836 0.2432617 -0.0428303 0.2015389 0.0333389 0.9779755
270.000000 -0.4196788 -0.1938506 0.2284344 -0.0438050 0.2252777 0.0457147 0.9722351
272.000000 -0.3993694 -0.1789771 0.2194317 -0.0413605 0.2341823 0.0581831 0.9695683
295.000000 -0.3288966 0.0206847 0.1389276 -0.1746968 0.2085913 0.0540788 0.9607529
298.000000 -0.3264638 0.0404579 0.1134695 -0.1713853 0.1929708 0.0197337 0.9659192
304.000000 -0.2634949 0.0724888 0.0364775 -0.1786123 0.1486424 -0.0194529 0.9724324
310.000000 -0.1911733 0.0749486 -0.0300404 -0.1608098 0.1048375 -0.0581737 0.9796761
314.000000 -0.1341659 0.0735460 -0.0676791 -0.1473427 0.0834546 -0.0828169 0.9820727
326.000000 0.0560420 0.0065938 -0.1277454 -0.1317075 0.0400431 -0.1038131 0.9850241
330.000000 0.1207047 -0.0459068 -0.1521008 -0.1176905 0.0305987 -0.1230612 0.9849206
332.000000 0.1465030 -0.0868295 -0.1655958 -0.1160807 0.0272685 -0.1438610 0.9823878
338.000000 0.2029188 -0.1825791 -0.2143386 -0.1024302 0.0045542 -0.1871415 0.9769675
340.000000 0.2113815 -0.2066710 -0.2338907 -0.0924834 0.0017048 -0.1996956 0.9754822
342.000000 0.2085162 -0.2380147 -0.2511983 -0.0844958 -0.0124587 -0.2034128 0.9753607
344.000000 0.2262987 -0.2434939 -0.2733080 -0.0725302 -0.0452272 -0.2035487 0.9753265
347.000000 0.2600549 -0.2937228 -0.2843032 -0.0811207 -0.0933007 -0.2143029 0.9689111
350.000000 0.2966643 -0.3395138 -0.3015639 -0.0733957 -0.1116069 -0.2371178 0.9622537
352.000000 0.3253928 -0.3649723 -0.3170761 -0.0671602 -0.1193603 -0.2495931 0.9586167
354.000000 0.3486549 -0.4336748 -0.3253874 -0.0718065 -0.1255159 -0.2697791 0.9520025
356.000000 0.3653793 -0.4721487 -0.3443246 -0.0433393 -0.1137888 -0.2871343 0.9501199
360.000000 0.3666782 -0.4985238 -0.3632166 0.0253343 -0.1252637 -0.3441314 0.9301832
362.000000 0.3768439 -0.5025106 -0.3627213 0.0374673 -0.1616196 -0.3646538 0.9162439
364.000000 0.3914138 -0.5331186 -0.3333081 0.0302583 -0.1944100 -0.4008865 0.8947509
368.000000 0.4086041 -0.5565299 -0.2801858 0.0601239 -0.2227013 -0.4592979 0.8578081
370.000000 0.4591619 -0.5300073 -0.2329192 0.0469241 -0.2448201 -0.4875703 0.8367416
372.000000 0.4660301 -0.5391299 -0.1883259 0.0136053 -0.2564278 -0.5068871 0.8228762
374.000000 0.4830365 -0.5468209 -0.1461675 -0.0138004 -0.2669010 -0.5171052 0.8131271
379.000000 0.5486234 -0.5732055 -0.0488898 -0.0723161 -0.3282338 -0.4653185 0.8188478
382.000000 0.6072716 -0.5969005 -0.0001080 -0.0954011 -0.3585223 -0.4371831 0.8192871
385.000000 0.6759811 -0.6178985 0.0410111 -0.0966269 -0.3836235 -0.4072642 0.8231842
388.000000 0.7489321 -0.6377089 0.0857061 -0.0990005 -0.4112629 -0.3754421 0.8246847
395.000000 0.9299573 -0.6564323 0.2006685 -0.0643247 -0.4349155 -0.3257990 0.8369981
403.000000 1.1154618 -0.6401522 0.2509167 -0.0823433 -0.4482256 -0.3331471 0.8254250
406.000000 1.1785452 -0.6792191 0.2716531 -0.0723118 -0.4466927 -0.3574643 0.8169798
408.000000 1.1993806 -0.7000299 0.2708825 -0.0706727 -0.4336956 -0.3713367 0.8179380
411.000000 1.2592279 -0.7187145 0.2844384 -0.0681001 -0.4465344 -0.3756132 0.8092491
413.000000 1.2936165 -0.7391698 0.3059028 -0.0696006 -0.4432699 -0.3784775 0.8095816
418.000000 1.3633914 -0.7871344 0.3636894 -0.0707408 -0.4426474 -0.4076929 0.7955159
420.000000 1.3847754 -0.8055809 0.3849478 -0.0588546 -0.4488842 -0.4155324 0.7889056
422.000000 1.4034072 -0.8209845 0.4043059 -0.0659073 -0.4564082 -0.4178943 0.7827593
424.000000 1.4261742 -0.8398679 0.4197738 -0.0715673 -0.4796782 -0.4152285 0.7696572
436.000000 1.5310570 -0.9487629 0.5262963 -0.0610950 -0.5381202 -0.4503791 0.7098259
438.000000 1.5517027 -0.9639702 0.5414158 -0.0695834 -0.5466956 -0.4560469 0.6987870
448.000000 1.5860800 -1.0612729 0.6321098 -0.0782730 -0.5839779 -0.4635670 0.6617770
452.000000 1.5540006 -1.0871875 0.6744860 -0.0661968 -0.6021387 -0.4546919 0.6529183
454.000000 1.5360296 -1.0924007 0.6971348 -0.0644855 -0.6163858 -0.4496217 0.6432344
458.000000 1.4767194 -1.1079283 0.7497999 -0.0575075 -0.6307756 -0.4490583 0.6302076
462.000000 1.4194125 -1.1238127 0.8041028 -0.0562278 -0.6408809 -0.4529580 0.6172027
470.000000 1.2810080 -1.2075310 0.8664142 -0.0723300 -0.6309043 -0.4556080 0.6238185
476.000000 1.1867269 -1.2645855 0.8459747 -0.0682022 -0.6275277 -0.4779942 0.6108019
478.000000 1.1573998 -1.2797931 0.8364718 -0.0653115 -0.6386678 -0.4761346 0.6009440
481.000000 1.1114467 -1.3005674 0.8235120 -0.0551275 -0.6487134 -0.4783938 0.5892972
483.000000 1.0943067 -1.3073944 0.8296530 -0.0508474 -0.6466806 -0.4828400 0.5882893
490.000000 1.0307562 -1.2985981 0.8338715 -0.0917270 -0.5984209 -0.5477008 0.5774968
493.000000 0.9977303 -1.2799855 0.8310947 -0.0915532 -0.5693324 -0.5747642 0.5806245
499.000000 0.9515340 -1.2457621 0.8665048 -0.0866991 -0.5328079 -0.6091875 0.5809385
501.000000 0.9447329 -1.2138381 0.8751538 -0.0748163 -0.5204589 -0.6189750 0.5834338
503.000000 0.9443939 -1.1909702 0.8948967 -0.0828502 -0.5194917 -0.6208848 0.5811767
506.000000 0.9336894 -1.1569304 0.9152117 -0.1019194 -0.5037674 -0.6321503 0.5798421
512.000000 0.9446568 -1.0642911 0.9424497 -0.1301531 -0.4784478 -0.6371035 0.5901245
514.000000 0.9548215 -1.0235710 0.9442902 -0.1384098 -0.4759292 -0.6341981 0.5934027
517.000000 0.9696193 -0.9741062 0.9353117 -0.1478182 -0.4766015 -0.6321445 0.5927851
520.000000 0.9889942 -0.9285312 0.9189053 -0.1550675 -0.4721930 -0.6313938 0.5952559
523.000000 1.0096521 -0.8845516 0.8955055 -0.1654803 -0.4679058 -0.6271630 0.6002891
526.000000 1.0253737 -0.8429959 0.8704281 -0.1820164 -0.4565275 -0.6272308 0.6041806
532.000000 1.0508078 -0.7733036 0.8135661 -0.1931974 -0.4558875 -0.6227154 0.6058605
535.000000 1.0553491 -0.7472525 0.7885896 -0.2005180 -0.4504535 -0.6197919 0.6105261
538.000000 1.0566950 -0.7199916 0.7660651 -0.2075383 -0.4467378 -0.6147980 0.6159355
541.000000 1.0562438 -0.6986787 0.7470452 -0.2088119 -0.4385415 -0.6072857 0.6287154
544.000000 1.0537974 -0.6837654 0.7247806 -0.2066855 -0.4462125 -0.5922711 0.6382715
557.000000 1.0248421 -0.6610559 0.6407636 -0.1783488 -0.4477417 -0.5367942 0.6925106
560.000000 1.0219936 -0.6541981 0.6227328 -0.1747199 -0.4394974 -0.5238754 0.7084276
564.000000 1.0208994 -0.6544029 0.6073152 -0.1796512 -0.4317321 -0.5157785 0.7178478
567.000000 1.0233283 -0.6545166 0.5961341 -0.1742804 -0.4213473 -0.5086601 0.7303134
570.000000 1.0275404 -0.6550199 0.5888255 -0.1765180 -0.4069439 -0.4969530 0.7458390
