210.000000 0.0000000 0.0000000 0.0000000 0.0000000 0.0000000 0.0000000 1.0000000
212.000000 -0.0408821 0.0087159 -0.0069199 -0.0030657 0.0038418 -0.0057642 0.9999713
218.000000 -0.1465098 -0.0039604 -0.0086728 -0.0227861 0.0087370 0.0098797 0.9996533
219.000000 -0.1686339 -0.0076046 -0.0111865 -0.0246461 0.0080477 0.0161163 0.9995340
220.000000 -0.1833434 -0.0145936 -0.0094759 -0.0268943 -0.0001786 0.0275340 0.9992590
232.000000 -0.2893563 -0.0620769 0.0409240 -0.0189448 0.0886764 0.0811791 0.9925662
233.000000 -0.3003959 -0.0700437 0.0458797 -0.0224878 0.1025648 0.0837229 0.9909416
241.000000 -0.3926539 -0.0941616 0.0910007 -0.0267303 0.1644180 0.0761690 0.9830822
249.000000 -0.4616283 -0.1437010 0.1576220 -0.0404014 0.1921881 0.0690805 0.9780896
259.000000 -0.4888272 -0.1907976 0.2345969 -0.0393211 0.2014147 0.0364141 0.9780388
261.000000 -0.4850083 -0.2042425 0.2455260 -0.0488885 0.2040101 0.0379676 0.9770098
263.000000 -0.4731846 -0.2066836 0.2432617 -0.0428303 0.2015389 0.0333389 0.9779755
270.000000 -0.4196788 -0.1938506 0.2284344 -0.0438050 0.2252777 0.0457147 0.9722351
272.000000 -0.3993694 -0.1789771 0.2194317 -0.0413605 0.2341823 0.0581831 0.9695683
295.000000 -0.3288966 0.0206847 0.1389276 -0.1746968 0.2085913 0.0540788 0.9607529
298.000000 -0.3264638 0.0404579 0.1134695 -0.1713853 0.1929708 0.0197337 0.9659192
304.000000 -0.2634949 0.0724888 0.0364775 -0.1786123 0.1486424 -0.0194529 0.9724324
310.000000 -0.1911733 0.0749486 -0.0300404 -0.1608098 0.1048375 -0.0581737 0.9796761
314.000000 -0.1341659 0.0735460 -0.0676791 -0.1473427 0.0834546 -0.0828169 0.9820727
326.000000 0.0560420 0.0065938 -0.1277454 -0.1317075 0.0400431 -0.1038131 0.9850241
330.000000 0.1207047 -0.0459068 -0.1521008 -0.1176905 0.0305987 -0.1230612 0.9849206
332.000000 0.1465030 -0.0868295 -0.1655958 -0.1160807 0.0272685 -0.1438610 0.9823878
338.000000 0.2029188 -0.1825791 -0.2143386 -0.1024302 0.0045542 -0.1871415 0.9769675
340.000000 0.2113815 -0.2066710 -0.2338907 -0.0924834 0.0017048 -0.1996956 0.9754822
342.000000 0.2085162 -0.2380147 -0.2511983 -0.0844958 -0.0124587 -0.2034128 0.9753607
344.000000 0.2262987 -0.2434939 -0.2733080 -0.0725302 -0.0452272 -0.2035487 0.9753265
347.000000 0.2600549 -0.2937228 -0.2843032 -0.0811207 -0.0933007 -0.2143029 0.9689111
350.000000 0.2966643 -0.3395138 -0.3015639 -0.0733957 -0.1116069 -0.2371178 0.9622537
352.000000 0.3253928 -0.3649723 -0.3170761 -0.0671602 -0.1193603 -0.2495931 0.9586167
354.000000 0.3486549 -0.4336748 -0.3253874 -0.0718065 -0.1255159 -0.2697791 0.9520025
356.000000 0.3653793 -0.4721487 -0.3443246 -0.0433393 -0.1137888 -0.2871343 0.9501199
360.000000 0.3666782 -0.4985238 -0.3632166 0.0253343 -0.1252637 -0.3441314 0.9301832
362.000000 0.3768439 -0.5025106 -0.3627213 0.0374673 -0.1616196 -0.3646538 0.9162439
364.000000 0.3914138 -0.5331186 -0.3333081 0.0302583 -0.1944100 -0.4008865 0.8947509
368.000000 0.4086041 -0.5565299 -0.2801858 0.0601239 -0.2227013 -0.4592979 0.8578081
370.000000 0.4591619 -0.5300073 -0.2329192 0.0469241 -0.2448201 -0.4875703 0.8367416
372.000000 0.4660301 -0.5391299 -0.1883259 0.0136053 -0.2564278 -0.5068871 0.8228762
374.000000 0.4830365 -0.5468209 -0.1461675 -0.0138004 -0.2669010 -0.5171052 0.8131271
379.000000 0.5486234 -0.5732055 -0.0488898 -0.0723161 -0.3282338 -0.4653185 0.8188478
382.000000 0.6072716 -0.5969005 -0.0001080 -0.0954011 -0.3585223 -0.4371831 0.8192871
385.000000 0.6759811 -0.6178985 0.0410111 -0.0966269 -0.3836235 -0.4072642 0.8231842
388.000000 0.7489321 -0.6377089 0.0857061 -0.0990005 -0.4112629 -0.3754421 0.8246847
395.000000 0.9314128 -0.6579535 0.2011992 -0.0645694 -0.4353519 -0.3256609 0.8368061
403.000000 1.1163590 -0.6403088 0.2514391 -0.0822023 -0.4484153 -0.3331706 0.8253265
406.000000 1.1803918 -0.6806270 0.2721566 -0.0722371 -0.4470245 -0.3577084 0.8166980
408.000000 1.2009087 -0.7013206 0.2710507 -0.0706888 -0.4339277 -0.3714510 0.8177616
411.000000 1.2615349 -0.7213317 0.2852121 -0.0683131 -0.4470834 -0.3758312 0.8088267
413.000000 1.2953622 -0.7404071 0.3073749 -0.0696669 -0.4437820 -0.3785019 0.8092839
418.000000 1.3650821 -0.7880116 0.3666224 -0.0708702 -0.4435700 -0.4072945 0.7951945
420.000000 1.3859444 -0.8072422 0.3868407 -0.0590492 -0.4494129 -0.4155863 0.7885616
422.000000 1.4049075 -0.8230618 0.4054478 -0.0659877 -0.4567402 -0.4181864 0.7824028
424.000000 1.4279854 -0.8412328 0.4222913 -0.0715737 -0.4804133 -0.4151065 0.7692639
434.000000 1.5135573 -0.9347708 0.5132379 -0.0648724 -0.5273346 -0.4455103 0.7205765
436.000000 1.5323451 -0.9505984 0.5301083 -0.0611429 -0.5389881 -0.4504541 0.7091152
438.000000 1.5529234 -0.9660641 0.5453298 -0.0696778 -0.5475555 -0.4561648 0.6980270
448.000000 1.5866576 -1.0614994 0.6389090 -0.0779603 -0.5854444 -0.4632070 0.6607695
452.000000 1.5544046 -1.0856338 0.6811095 -0.0655097 -0.6035433 -0.4541850 0.6520429
454.000000 1.5360743 -1.0914372 0.7039306 -0.0640011 -0.6178256 -0.4491219 0.6422498
458.000000 1.4761122 -1.1068501 0.7573391 -0.0569707 -0.6323549 -0.4485491 0.6290353
462.000000 1.4188190 -1.1223042 0.8111441 -0.0556697 -0.6423926 -0.4523722 0.6161103
470.000000 1.2797058 -1.2051370 0.8750391 -0.0721554 -0.6328697 -0.4546050 0.6225784
476.000000 1.1855323 -1.2636623 0.8545732 -0.0681184 -0.6295311 -0.4772113 0.6093602
478.000000 1.1552912 -1.2773893 0.8456417 -0.0652721 -0.6407383 -0.4751643 0.5995106
481.000000 1.1096114 -1.2984563 0.8329039 -0.0552720 -0.6507686 -0.4772746 0.5879235
483.000000 1.0927474 -1.3047343 0.8392438 -0.0509477 -0.6487960 -0.4815889 0.5869755
490.000000 1.0303798 -1.2950612 0.8421863 -0.0915235 -0.6004421 -0.5464545 0.5766110
493.000000 0.9984850 -1.2763602 0.8416748 -0.0913419 -0.5721028 -0.5728944 0.5797819
496.000000 0.9774677 -1.2562652 0.8575859 -0.0959058 -0.5594205 -0.5859070 0.5784148
499.000000 0.9550651 -1.2388886 0.8786432 -0.0853055 -0.5365385 -0.6061665 0.5808715
501.000000 0.9474057 -1.2085403 0.8834608 -0.0737078 -0.5229165 -0.6168679 0.5836090
503.000000 0.9461941 -1.1852310 0.9016105 -0.0814029 -0.5213725 -0.6194098 0.5812708
506.000000 0.9367987 -1.1519274 0.9229016 -0.1006551 -0.5065806 -0.6297796 0.5801917
508.000000 0.9349878 -1.1252468 0.9329064 -0.1067326 -0.4943234 -0.6340736 0.5849814
