210.000000 0.0000000 0.0000000 0.0000000 0.0000000 0.0000000 0.0000000 1.0000000
211.000000 -0.0205653 0.0048594 -0.0031234 0.0006510 0.0020808 -0.0027170 0.9999939
212.000000 -0.0420898 0.0095157 -0.0063430 -0.0025825 0.0040949 -0.0051649 0.9999750
214.000000 -0.0802344 0.0053446 -0.0069872 -0.0127186 0.0033229 -0.0010852 0.9999130
218.000000 -0.1518531 -0.0031615 -0.0058037 -0.0222742 0.0104499 0.0102941 0.9996443
219.000000 -0.1752620 -0.0070438 -0.0083463 -0.0240631 0.0100547 0.0168401 0.9995180
220.000000 -0.1904144 -0.0153144 -0.0061143 -0.0267697 0.0018786 0.0287686 0.9992258
232.000000 -0.2999616 -0.0605500 0.0488698 -0.0175002 0.0925671 0.0810027 0.9922518
233.000000 -0.3112966 -0.0689657 0.0542308 -0.0211195 0.1065803 0.0836960 0.9905502
241.000000 -0.4037106 -0.0920603 0.1025991 -0.0248957 0.1687175 0.0759939 0.9824151
249.000000 -0.4727274 -0.1402600 0.1721187 -0.0379421 0.1969482 0.0682532 0.9772990
259.000000 -0.4991014 -0.1867495 0.2495182 -0.0365758 0.2061500 0.0351770 0.9772037
261.000000 -0.4952118 -0.2002545 0.2604875 -0.0461037 0.2087766 0.0367927 0.9761829
263.000000 -0.4834243 -0.2028033 0.2580009 -0.0401313 0.2062969 0.0322414 0.9771343
270.000000 -0.4302053 -0.1904563 0.2420494 -0.0411909 0.2299321 0.0447369 0.9713049
272.000000 -0.4089159 -0.1750297 0.2326421 -0.0384304 0.2383489 0.0573602 0.9687222
276.000000 -0.3670878 -0.1231969 0.2134766 -0.0471437 0.2558245 0.0872313 0.9616247
281.000000 -0.3492880 -0.0943726 0.2054301 -0.0801192 0.2576033 0.1398955 0.9527071
285.000000 -0.3447408 -0.0616344 0.1962909 -0.1004019 0.2607667 0.1312940 0.9511477
288.000000 -0.3444537 -0.0276490 0.1900520 -0.1195964 0.2575124 0.1102940 0.9524806
291.000000 -0.3442369 0.0038937 0.1790499 -0.1487769 0.2403327 0.0894449 0.9550420
295.000000 -0.3392705 0.0263848 0.1512319 -0.1708376 0.2131334 0.0551680 0.9603880
298.000000 -0.3355950 0.0468391 0.1247215 -0.1674747 0.1966255 0.0209639 0.9658422
300.000000 -0.3193285 0.0601154 0.0980008 -0.1697786 0.1749335 0.0006019 0.9698315
302.000000 -0.2939750 0.0753222 0.0696793 -0.1737793 0.1567348 -0.0123246 0.9721538
304.000000 -0.2701960 0.0814599 0.0439500 -0.1736718 0.1509691 -0.0182793 0.9729914
