210.000000 0.0000000 0.0000000 0.0000000 0.0000000 0.0000000 0.0000000 1.0000000
211.000000 -0.0228070 0.0057255 -0.0028397 0.0010124 0.0027866 -0.0025712 0.9999923
212.000000 -0.0467054 0.0104322 -0.0059098 -0.0021605 0.0055643 -0.0047213 0.9999710
214.000000 -0.0894458 0.0064648 -0.0058385 -0.0121422 0.0063249 -0.0007349 0.9999060
218.000000 -0.1688641 -0.0018512 -0.0006015 -0.0213274 0.0160803 0.0109521 0.9995832
219.000000 -0.1930052 -0.0048856 -0.0006976 -0.0226346 0.0159260 0.0173572 0.9994662
220.000000 -0.2123482 -0.0132037 0.0015599 -0.0251020 0.0093388 0.0292626 0.9992129
224.000000 -0.2494185 -0.0289663 0.0275830 -0.0254834 0.0020585 0.0516404 0.9983384
227.000000 -0.2823685 -0.0409268 0.0421823 -0.0160023 0.0311292 0.0549045 0.9978780
228.000000 -0.2930582 -0.0461735 0.0496873 -0.0160036 0.0440632 0.0575212 0.9972430
230.000000 -0.3073446 -0.0539891 0.0610762 -0.0113274 0.0691775 0.0660048 0.9953540
232.000000 -0.3293333 -0.0586740 0.0713547 -0.0149541 0.1037276 0.0799789 0.9912721
