210.000000 0.0000000 0.0000000 0.0000000 0.0000000 0.0000000 0.0000000 1.0000000
211.000000 -0.0200469 0.0046342 -0.0033519 0.0005281 0.0018547 -0.0026811 0.9999945
212.000000 -0.0408693 0.0095211 -0.0061162 -0.0025409 0.0036213 -0.0051815 0.9999768
214.000000 -0.0781429 0.0051697 -0.0072137 -0.0128048 0.0025604 -0.0012376 0.9999140
218.000000 -0.1478490 -0.0033570 -0.0060059 -0.0224407 0.0089337 0.0101586 0.9996566
219.000000 -0.1705617 -0.0065561 -0.0080543 -0.0239041 0.0082788 0.0165240 0.9995434
220.000000 -0.1860816 -0.0141267 -0.0057912 -0.0263300 0.0002361 0.0284998 0.9992470
228.000000 -0.2593717 -0.0443433 0.0341110 -0.0167700 0.0318358 0.0568074 0.9977365
232.000000 -0.2942640 -0.0579993 0.0509158 -0.0166213 0.0907924 0.0799783 0.9925140
233.000000 -0.3054674 -0.0659464 0.0568639 -0.0200647 0.1048431 0.0828664 0.9908271
239.000000 -0.3722234 -0.0848161 0.0894313 -0.0208697 0.1561025 0.0803163 0.9842488
241.000000 -0.3954203 -0.0880057 0.1036046 -0.0234219 0.1659883 0.0748047 0.9830074
247.000000 -0.4479042 -0.1293488 0.1546499 -0.0383923 0.1939331 0.0674278 0.9779415
249.000000 -0.4636342 -0.1348877 0.1718367 -0.0361208 0.1939054 0.0668132 0.9780756
259.000000 -0.4896424 -0.1802854 0.2477932 -0.0341632 0.2026931 0.0337673 0.9780635
261.000000 -0.4866429 -0.1938359 0.2592831 -0.0437277 0.2057835 0.0352417 0.9769847
263.000000 -0.4750665 -0.1955821 0.2570321 -0.0373454 0.2034207 0.0306223 0.9778996
266.000000 -0.4590770 -0.1975245 0.2545179 -0.0341755 0.2199834 0.0254028 0.9745738
268.000000 -0.4443322 -0.1955922 0.2523791 -0.0381987 0.2246569 0.0369481 0.9729877
270.000000 -0.4223837 -0.1850504 0.2424536 -0.0392984 0.2274884 0.0434685 0.9720160
