210.000000 0.0000000 0.0000000 0.0000000 0.0000000 0.0000000 0.0000000 1.0000000
211.000000 -0.0205633 0.0043734 -0.0040018 0.0003245 0.0019406 -0.0027318 0.9999943
212.000000 -0.0419152 0.0084852 -0.0074130 -0.0031539 0.0038457 -0.0051702 0.9999743
218.000000 -0.1511462 -0.0043355 -0.0086974 -0.0228778 0.0094746 0.0102603 0.9996407
219.000000 -0.1737882 -0.0083690 -0.0114052 -0.0248108 0.0087868 0.0166658 0.9995146
220.000000 -0.1889440 -0.0164559 -0.0093530 -0.0274410 0.0006713 0.0285487 0.9992154
232.000000 -0.2984571 -0.0654809 0.0429715 -0.0198559 0.0904367 0.0818079 0.9923379
233.000000 -0.3102840 -0.0737101 0.0482488 -0.0233965 0.1046093 0.0842000 0.9906664
241.000000 -0.4047939 -0.0980599 0.0955897 -0.0275325 0.1669511 0.0767094 0.9825909
249.000000 -0.4755214 -0.1489027 0.1647515 -0.0415361 0.1952767 0.0695233 0.9773988
259.000000 -0.5027904 -0.1962541 0.2437957 -0.0403836 0.2045570 0.0365816 0.9773369
261.000000 -0.4989910 -0.2102053 0.2550412 -0.0500794 0.2072393 0.0381979 0.9762607
263.000000 -0.4867975 -0.2126645 0.2524133 -0.0440595 0.2046588 0.0335390 0.9772659
270.000000 -0.4325393 -0.1996254 0.2366699 -0.0449646 0.2283909 0.0458672 0.9714484
272.000000 -0.4111034 -0.1843256 0.2271410 -0.0424541 0.2368578 0.0584716 0.9688535
295.000000 -0.3375264 0.0214391 0.1432349 -0.1743315 0.2096237 0.0543811 0.9605775
298.000000 -0.3349350 0.0419151 0.1170925 -0.1708930 0.1938736 0.0199305 0.9658216
304.000000 -0.2701804 0.0745877 0.0377684 -0.1782009 0.1491624 -0.0192104 0.9724330
310.000000 -0.1962637 0.0769168 -0.0304955 -0.1605524 0.1053201 -0.0577925 0.9796891
314.000000 -0.1371203 0.0754640 -0.0692027 -0.1470795 0.0834302 -0.0824474 0.9821453
324.000000 0.0244211 0.0381695 -0.1200746 -0.1343214 0.0474469 -0.1027015 0.9844587
326.000000 0.0585670 0.0067872 -0.1306277 -0.1315650 0.0393207 -0.1037158 0.9850825
330.000000 0.1246141 -0.0461097 -0.1545789 -0.1172215 0.0298657 -0.1232946 0.9849699
332.000000 0.1520031 -0.0870562 -0.1677916 -0.1151213 0.0262622 -0.1436154 0.9825640
336.000000 0.1909652 -0.1486983 -0.1999559 -0.1035521 0.0115975 -0.1697413 0.9799645
338.000000 0.2095034 -0.1854941 -0.2174714 -0.1018729 0.0035226 -0.1870210 0.9770530
340.000000 0.2177752 -0.2095391 -0.2368088 -0.0918919 0.0009733 -0.1994051 0.9755986
342.000000 0.2150102 -0.2424214 -0.2553405 -0.0842020 -0.0133901 -0.2029496 0.9754702
344.000000 0.2325179 -0.2492149 -0.2783060 -0.0728901 -0.0460292 -0.2036862 0.9752334
