210.000000 0.0000000 0.0000000 0.0000000 0.0000000 0.0000000 0.0000000 1.0000000
211.000000 -0.0204169 0.0047500 -0.0032604 0.0005661 0.0019156 -0.0025649 0.9999947
212.000000 -0.0421020 0.0100048 -0.0060322 -0.0023414 0.0039908 -0.0050947 0.9999763
214.000000 -0.0800552 0.0057346 -0.0063646 -0.0125277 0.0031568 -0.0011956 0.9999158
218.000000 -0.1514055 -0.0017978 -0.0035677 -0.0216064 0.0101619 0.0098584 0.9996663
219.000000 -0.1742165 -0.0045922 -0.0049315 -0.0228867 0.0095873 0.0161880 0.9995610
220.000000 -0.1895616 -0.0125552 -0.0028605 -0.0254798 0.0013846 0.0282606 0.9992748
224.000000 -0.2238001 -0.0281939 0.0197636 -0.0262793 -0.0070238 0.0508829 0.9983341
228.000000 -0.2636851 -0.0438402 0.0384372 -0.0163495 0.0332417 0.0565944 0.9977098
232.000000 -0.2998526 -0.0561157 0.0561205 -0.0154399 0.0928369 0.0793382 0.9923953
233.000000 -0.3116476 -0.0647489 0.0624187 -0.0191715 0.1072308 0.0822816 0.9906380
239.000000 -0.3774398 -0.0824861 0.0974246 -0.0194260 0.1582993 0.0799313 0.9839588
241.000000 -0.4004110 -0.0851651 0.1123693 -0.0216791 0.1682686 0.0744240 0.9826885
243.000000 -0.4191021 -0.0937793 0.1291036 -0.0297369 0.1822772 0.0660048 0.9805785
245.000000 -0.4370060 -0.1095745 0.1488278 -0.0393341 0.1902701 0.0651006 0.9787809
247.000000 -0.4535481 -0.1261993 0.1663437 -0.0367959 0.1972506 0.0660253 0.9774349
