210.000000 0.0000000 0.0000000 0.0000000 0.0000000 0.0000000 0.0000000 1.0000000
212.000000 -0.0408821 0.0087159 -0.0069199 -0.0030657 0.0038418 -0.0057642 0.9999713
218.000000 -0.1465098 -0.0039604 -0.0086728 -0.0227861 0.0087370 0.0098797 0.9996533
219.000000 -0.1686339 -0.0076046 -0.0111865 -0.0246461 0.0080477 0.0161163 0.9995340
220.000000 -0.1833434 -0.0145936 -0.0094759 -0.0268943 -0.0001786 0.0275340 0.9992590
232.000000 -0.2893563 -0.0620769 0.0409240 -0.0189448 0.0886764 0.0811791 0.9925662
233.000000 -0.3003959 -0.0700437 0.0458797 -0.0224878 0.1025648 0.0837229 0.9909416
241.000000 -0.3926539 -0.0941616 0.0910007 -0.0267303 0.1644180 0.0761690 0.9830822
249.000000 -0.4616283 -0.1437010 0.1576220 -0.0404014 0.1921881 0.0690805 0.9780896
259.000000 -0.4888272 -0.1907976 0.2345969 -0.0393211 0.2014147 0.0364141 0.9780388
261.000000 -0.4850083 -0.2042425 0.2455260 -0.0488885 0.2040101 0.0379676 0.9770098
263.000000 -0.4731846 -0.2066836 0.2432617 -0.0428303 0.2015389 0.0333389 0.9779755
270.000000 -0.4196788 -0.1938506 0.2284344 -0.0438050 0.2252777 0.0457147 0.9722351
272.000000 -0.3993694 -0.1789771 0.2194317 -0.0413605 0.2341823 0.0581831 0.9695683
295.000000 -0.3288966 0.0206847 0.1389276 -0.1746968 0.2085913 0.0540788 0.9607529
298.000000 -0.3264638 0.0404579 0.1134695 -0.1713853 0.1929708 0.0197337 0.9659192
304.000000 -0.2634949 0.0724888 0.0364775 -0.1786123 0.1486424 -0.0194529 0.9724324
310.000000 -0.1911733 0.0749486 -0.0300404 -0.1608098 0.1048375 -0.0581737 0.9796761
314.000000 -0.1341659 0.0735460 -0.0676791 -0.1473427 0.0834546 -0.0828169 0.9820727
326.000000 0.0560420 0.0065938 -0.1277454 -0.1317075 0.0400431 -0.1038131 0.9850241
330.000000 0.1207047 -0.0459068 -0.1521008 -0.1176905 0.0305987 -0.1230612 0.9849206
332.000000 0.1465030 -0.0868295 -0.1655958 -0.1160807 0.0272685 -0.1438610 0.9823878
338.000000 0.2029188 -0.1825791 -0.2143386 -0.1024302 0.0045542 -0.1871415 0.9769675
340.000000 0.2113815 -0.2066710 -0.2338907 -0.0924834 0.0017048 -0.1996956 0.9754822
342.000000 0.2085162 -0.2380147 -0.2511983 -0.0844958 -0.0124587 -0.2034128 0.9753607
344.000000 0.2262987 -0.2434939 -0.2733080 -0.0725302 -0.0452272 -0.2035487 0.9753265
347.000000 0.2600549 -0.2937228 -0.2843032 -0.0811207 -0.0933007 -0.2143029 0.9689111
350.000000 0.2966643 -0.3395138 -0.3015639 -0.0733957 -0.1116069 -0.2371178 0.9622537
352.000000 0.3253928 -0.3649723 -0.3170761 -0.0671602 -0.1193603 -0.2495931 0.9586167
354.000000 0.3486549 -0.4336748 -0.3253874 -0.0718065 -0.1255159 -0.2697791 0.9520025
356.000000 0.3653793 -0.4721487 -0.3443246 -0.0433393 -0.1137888 -0.2871343 0.9501199
360.000000 0.3666782 -0.4985238 -0.3632166 0.0253343 -0.1252637 -0.3441314 0.9301832
362.000000 0.3768439 -0.5025106 -0.3627213 0.0374673 -0.1616196 -0.3646538 0.9162439
364.000000 0.3914138 -0.5331186 -0.3333081 0.0302583 -0.1944100 -0.4008865 0.8947509
368.000000 0.4086041 -0.5565299 -0.2801858 0.0601239 -0.2227013 -0.4592979 0.8578081
370.000000 0.4591619 -0.5300073 -0.2329192 0.0469241 -0.2448201 -0.4875703 0.8367416
372.000000 0.4660301 -0.5391299 -0.1883259 0.0136053 -0.2564278 -0.5068871 0.8228762
374.000000 0.4830365 -0.5468209 -0.1461675 -0.0138004 -0.2669010 -0.5171052 0.8131271
379.000000 0.5478120 -0.5727652 -0.0496581 -0.0722533 -0.3278223 -0.4655675 0.8188766
382.000000 0.6059439 -0.5957777 -0.0012752 -0.0950933 -0.3578519 -0.4377575 0.8193092
385.000000 0.6750587 -0.6171622 0.0397973 -0.0963939 -0.3830771 -0.4076414 0.8232792
388.000000 0.7490723 -0.6375083 0.0850845 -0.0988524 -0.4111272 -0.3755184 0.8247355
391.000000 0.8204615 -0.6502321 0.1303003 -0.0934161 -0.4298364 -0.3468620 0.8283724
395.000000 0.9315829 -0.6589549 0.2004285 -0.0650748 -0.4351307 -0.3254996 0.8369448
398.000000 1.0090593 -0.6386386 0.2273474 -0.0452994 -0.4333613 -0.3230432 0.8401126
401.000000 1.0741819 -0.6354793 0.2420176 -0.0624725 -0.4382646 -0.3242997 0.8359731
403.000000 1.1172106 -0.6435751 0.2470581 -0.0834485 -0.4473531 -0.3326657 0.8259813
406.000000 1.1827490 -0.6838104 0.2700206 -0.0733191 -0.4468907 -0.3568895 0.8170330
408.000000 1.2037110 -0.7041121 0.2696442 -0.0717378 -0.4339326 -0.3703375 0.8181726
411.000000 1.2640812 -0.7239473 0.2839663 -0.0692313 -0.4470485 -0.3750247 0.8091422
413.000000 1.2992091 -0.7435168 0.3076469 -0.0704935 -0.4443370 -0.3778969 0.8091905
415.000000 1.3227484 -0.7683816 0.3353336 -0.0816595 -0.4400966 -0.3895836 0.8049045
418.000000 1.3695666 -0.7916285 0.3676023 -0.0717609 -0.4442660 -0.4067755 0.7949917
420.000000 1.3908951 -0.8125761 0.3870789 -0.0601682 -0.4499259 -0.4151914 0.7883924
422.000000 1.4097946 -0.8308297 0.4055978 -0.0678782 -0.4572701 -0.4181303 0.7819614
424.000000 1.4334314 -0.8488109 0.4216705 -0.0727909 -0.4805976 -0.4156249 0.7687544
