210.000000 0.0000000 0.0000000 0.0000000 0.0000000 0.0000000 0.0000000 1.0000000
212.000000 -0.0408821 0.0087159 -0.0069199 -0.0030657 0.0038418 -0.0057642 0.9999713
218.000000 -0.1465098 -0.0039604 -0.0086728 -0.0227861 0.0087370 0.0098797 0.9996533
219.000000 -0.1686339 -0.0076046 -0.0111865 -0.0246461 0.0080477 0.0161163 0.9995340
220.000000 -0.1833434 -0.0145936 -0.0094759 -0.0268943 -0.0001786 0.0275340 0.9992590
232.000000 -0.2893563 -0.0620769 0.0409240 -0.0189448 0.0886764 0.0811791 0.9925662
233.000000 -0.3003959 -0.0700437 0.0458797 -0.0224878 0.1025648 0.0837229 0.9909416
241.000000 -0.3926539 -0.0941616 0.0910007 -0.0267303 0.1644180 0.0761690 0.9830822
249.000000 -0.4616283 -0.1437010 0.1576220 -0.0404014 0.1921881 0.0690805 0.9780896
259.000000 -0.4888272 -0.1907976 0.2345969 -0.0393211 0.2014147 0.0364141 0.9780388
261.000000 -0.4850083 -0.2042425 0.2455260 -0.0488885 0.2040101 0.0379676 0.9770098
263.000000 -0.4731846 -0.2066836 0.2432617 -0.0428303 0.2015389 0.0333389 0.9779755
270.000000 -0.4196788 -0.1938506 0.2284344 -0.0438050 0.2252777 0.0457147 0.9722351
272.000000 -0.3993694 -0.1789771 0.2194317 -0.0413605 0.2341823 0.0581831 0.9695683
295.000000 -0.3288966 0.0206847 0.1389276 -0.1746968 0.2085913 0.0540788 0.9607529
298.000000 -0.3264638 0.0404579 0.1134695 -0.1713853 0.1929708 0.0197337 0.9659192
304.000000 -0.2634949 0.0724888 0.0364775 -0.1786123 0.1486424 -0.0194529 0.9724324
310.000000 -0.1911733 0.0749486 -0.0300404 -0.1608098 0.1048375 -0.0581737 0.9796761
314.000000 -0.1341659 0.0735460 -0.0676791 -0.1473427 0.0834546 -0.0828169 0.9820727
326.000000 0.0560420 0.0065938 -0.1277454 -0.1317075 0.0400431 -0.1038131 0.9850241
330.000000 0.1207047 -0.0459068 -0.1521008 -0.1176905 0.0305987 -0.1230612 0.9849206
332.000000 0.1465030 -0.0868295 -0.1655958 -0.1160807 0.0272685 -0.1438610 0.9823878
338.000000 0.2029188 -0.1825791 -0.2143386 -0.1024302 0.0045542 -0.1871415 0.9769675
340.000000 0.2113815 -0.2066710 -0.2338907 -0.0924834 0.0017048 -0.1996956 0.9754822
342.000000 0.2085162 -0.2380147 -0.2511983 -0.0844958 -0.0124587 -0.2034128 0.9753607
344.000000 0.2262987 -0.2434939 -0.2733080 -0.0725302 -0.0452272 -0.2035487 0.9753265
347.000000 0.2600549 -0.2937228 -0.2843032 -0.0811207 -0.0933007 -0.2143029 0.9689111
350.000000 0.2966643 -0.3395138 -0.3015639 -0.0733957 -0.1116069 -0.2371178 0.9622537
352.000000 0.3253928 -0.3649723 -0.3170761 -0.0671602 -0.1193603 -0.2495931 0.9586167
354.000000 0.3486549 -0.4336748 -0.3253874 -0.0718065 -0.1255159 -0.2697791 0.9520025
356.000000 0.3653793 -0.4721487 -0.3443246 -0.0433393 -0.1137888 -0.2871343 0.9501199
360.000000 0.3666782 -0.4985238 -0.3632166 0.0253343 -0.1252637 -0.3441314 0.9301832
362.000000 0.3768439 -0.5025106 -0.3627213 0.0374673 -0.1616196 -0.3646538 0.9162439
364.000000 0.3914138 -0.5331186 -0.3333081 0.0302583 -0.1944100 -0.4008865 0.8947509
368.000000 0.4086041 -0.5565299 -0.2801858 0.0601239 -0.2227013 -0.4592979 0.8578081
370.000000 0.4591619 -0.5300073 -0.2329192 0.0469241 -0.2448201 -0.4875703 0.8367416
372.000000 0.4660301 -0.5391299 -0.1883259 0.0136053 -0.2564278 -0.5068871 0.8228762
374.000000 0.4830365 -0.5468209 -0.1461675 -0.0138004 -0.2669010 -0.5171052 0.8131271
379.000000 0.5486234 -0.5732055 -0.0488898 -0.0723161 -0.3282338 -0.4653185 0.8188478
382.000000 0.6072716 -0.5969005 -0.0001080 -0.0954011 -0.3585223 -0.4371831 0.8192871
385.000000 0.6759811 -0.6178985 0.0410111 -0.0966269 -0.3836235 -0.4072642 0.8231842
388.000000 0.7489321 -0.6377089 0.0857061 -0.0990005 -0.4112629 -0.3754421 0.8246847
395.000000 0.9314128 -0.6579535 0.2011992 -0.0645694 -0.4353519 -0.3256609 0.8368061
403.000000 1.1156890 -0.6402683 0.2513400 -0.0823385 -0.4483400 -0.3331305 0.8253701
406.000000 1.1793480 -0.6802450 0.2719634 -0.0723858 -0.4468490 -0.3576029 0.8168271
408.000000 1.1998967 -0.7008045 0.2707912 -0.0707900 -0.4337493 -0.3713631 0.8178874
411.000000 1.2603321 -0.7208508 0.2843077 -0.0684444 -0.4466889 -0.3757828 0.8090560
413.000000 1.2940512 -0.7398466 0.3062056 -0.0697311 -0.4433601 -0.3784873 0.8095164
418.000000 1.3638031 -0.7873782 0.3649939 -0.0710165 -0.4430463 -0.4071707 0.7955367
420.000000 1.3849742 -0.8063076 0.3858836 -0.0591009 -0.4491441 -0.4153136 0.7888544
422.000000 1.4036138 -0.8221973 0.4044622 -0.0661796 -0.4564640 -0.4178985 0.7827016
424.000000 1.4264760 -0.8403733 0.4200603 -0.0716369 -0.4797314 -0.4151457 0.7696622
436.000000 1.5315317 -0.9501954 0.5274606 -0.0614006 -0.5384231 -0.4502617 0.7096442
438.000000 1.5520175 -0.9656345 0.5427451 -0.0699918 -0.5470130 -0.4559139 0.6985846
448.000000 1.5862927 -1.0639217 0.6333427 -0.0788838 -0.5842269 -0.4635507 0.6614960
452.000000 1.5543226 -1.0893579 0.6754758 -0.0666825 -0.6023205 -0.4546847 0.6527061
454.000000 1.5358727 -1.0944874 0.6985527 -0.0649579 -0.6166768 -0.4496048 0.6429196
458.000000 1.4762646 -1.1101253 0.7521404 -0.0579597 -0.6312043 -0.4490356 0.6297530
462.000000 1.4188584 -1.1253980 0.8063113 -0.0566305 -0.6412925 -0.4528529 0.6168153
470.000000 1.2808883 -1.2095729 0.8687122 -0.0726584 -0.6313422 -0.4555511 0.6233787
476.000000 1.1869779 -1.2665234 0.8484697 -0.0684398 -0.6280560 -0.4778834 0.6103189
478.000000 1.1571658 -1.2816277 0.8391023 -0.0655842 -0.6391933 -0.4760461 0.6004255
481.000000 1.1114328 -1.3018235 0.8261024 -0.0553165 -0.6492309 -0.4782127 0.5888565
483.000000 1.0943196 -1.3086686 0.8321728 -0.0510325 -0.6471969 -0.4826364 0.5878723
490.000000 1.0313479 -1.2998286 0.8365526 -0.0918939 -0.5990711 -0.5473151 0.5771617
493.000000 0.9990945 -1.2808857 0.8340516 -0.0914711 -0.5701064 -0.5742563 0.5803804
496.000000 0.9769444 -1.2614176 0.8505710 -0.0964611 -0.5574278 -0.5874017 0.5787302
499.000000 0.9547822 -1.2437558 0.8707727 -0.0855898 -0.5341095 -0.6078818 0.5812755
501.000000 0.9472500 -1.2124968 0.8777500 -0.0739663 -0.5212169 -0.6180812 0.5838130
503.000000 0.9462489 -1.1894233 0.8964989 -0.0820067 -0.5198233 -0.6203878 0.5815304
506.000000 0.9357035 -1.1556270 0.9175036 -0.1011924 -0.5044846 -0.6313043 0.5802674
510.000000 0.9421325 -1.0929103 0.9375159 -0.1152474 -0.4825680 -0.6353936 0.5917104
512.000000 0.9470088 -1.0623115 0.9436049 -0.1287227 -0.4788851 -0.6360170 0.5912546
514.000000 0.9555664 -1.0222211 0.9449046 -0.1374305 -0.4758497 -0.6337535 0.5941686
517.000000 0.9704443 -0.9743506 0.9372683 -0.1471385 -0.4773492 -0.6311998 0.5933590
520.000000 0.9891669 -0.9299374 0.9218779 -0.1547143 -0.4733698 -0.6304480 0.5954157
523.000000 1.0075506 -0.8881392 0.9000004 -0.1661354 -0.4694348 -0.6270633 0.5990171
