210.000000 0.0000000 0.0000000 0.0000000 0.0000000 0.0000000 0.0000000 1.0000000
212.000000 -0.0408821 0.0087159 -0.0069199 -0.0030657 0.0038418 -0.0057642 0.9999713
218.000000 -0.1465098 -0.0039604 -0.0086728 -0.0227861 0.0087370 0.0098797 0.9996533
219.000000 -0.1686339 -0.0076046 -0.0111865 -0.0246461 0.0080477 0.0161163 0.9995340
220.000000 -0.1833434 -0.0145936 -0.0094759 -0.0268943 -0.0001786 0.0275340 0.9992590
232.000000 -0.2893563 -0.0620769 0.0409240 -0.0189448 0.0886764 0.0811791 0.9925662
233.000000 -0.3003959 -0.0700437 0.0458797 -0.0224878 0.1025648 0.0837229 0.9909416
241.000000 -0.3926539 -0.0941616 0.0910007 -0.0267303 0.1644180 0.0761690 0.9830822
249.000000 -0.4616283 -0.1437010 0.1576220 -0.0404014 0.1921881 0.0690805 0.9780896
259.000000 -0.4888272 -0.1907976 0.2345969 -0.0393211 0.2014147 0.0364141 0.9780388
261.000000 -0.4850083 -0.2042425 0.2455260 -0.0488885 0.2040101 0.0379676 0.9770098
263.000000 -0.4731846 -0.2066836 0.2432617 -0.0428303 0.2015389 0.0333389 0.9779755
270.000000 -0.4196788 -0.1938506 0.2284344 -0.0438050 0.2252777 0.0457147 0.9722351
272.000000 -0.3993694 -0.1789771 0.2194317 -0.0413605 0.2341823 0.0581831 0.9695683
295.000000 -0.3288966 0.0206847 0.1389276 -0.1746968 0.2085913 0.0540788 0.9607529
298.000000 -0.3264638 0.0404579 0.1134695 -0.1713853 0.1929708 0.0197337 0.9659192
304.000000 -0.2634949 0.0724888 0.0364775 -0.1786123 0.1486424 -0.0194529 0.9724324
310.000000 -0.1911733 0.0749486 -0.0300404 -0.1608098 0.1048375 -0.0581737 0.9796761
314.000000 -0.1341659 0.0735460 -0.0676791 -0.1473427 0.0834546 -0.0828169 0.9820727
326.000000 0.0560420 0.0065938 -0.1277454 -0.1317075 0.0400431 -0.1038131 0.9850241
330.000000 0.1207047 -0.0459068 -0.1521008 -0.1176905 0.0305987 -0.1230612 0.9849206
332.000000 0.1465030 -0.0868295 -0.1655958 -0.1160807 0.0272685 -0.1438610 0.9823878
338.000000 0.2029188 -0.1825791 -0.2143386 -0.1024302 0.0045542 -0.1871415 0.9769675
340.000000 0.2113815 -0.2066710 -0.2338907 -0.0924834 0.0017048 -0.1996956 0.9754822
342.000000 0.2085162 -0.2380147 -0.2511983 -0.0844958 -0.0124587 -0.2034128 0.9753607
344.000000 0.2262987 -0.2434939 -0.2733080 -0.0725302 -0.0452272 -0.2035487 0.9753265
347.000000 0.2600549 -0.2937228 -0.2843032 -0.0811207 -0.0933007 -0.2143029 0.9689111
350.000000 0.2966643 -0.3395138 -0.3015639 -0.0733957 -0.1116069 -0.2371178 0.9622537
352.000000 0.3253928 -0.3649723 -0.3170761 -0.0671602 -0.1193603 -0.2495931 0.9586167
354.000000 0.3486549 -0.4336748 -0.3253874 -0.0718065 -0.1255159 -0.2697791 0.9520025
356.000000 0.3653793 -0.4721487 -0.3443246 -0.0433393 -0.1137888 -0.2871343 0.9501199
360.000000 0.3666782 -0.4985238 -0.3632166 0.0253343 -0.1252637 -0.3441314 0.9301832
362.000000 0.3768439 -0.5025106 -0.3627213 0.0374673 -0.1616196 -0.3646538 0.9162439
364.000000 0.3914138 -0.5331186 -0.3333081 0.0302583 -0.1944100 -0.4008865 0.8947509
368.000000 0.4086041 -0.5565299 -0.2801858 0.0601239 -0.2227013 -0.4592979 0.8578081
370.000000 0.4591619 -0.5300073 -0.2329192 0.0469241 -0.2448201 -0.4875703 0.8367416
372.000000 0.4660301 -0.5391299 -0.1883259 0.0136053 -0.2564278 -0.5068871 0.8228762
374.000000 0.4830365 -0.5468209 -0.1461675 -0.0138004 -0.2669010 -0.5171052 0.8131271
379.000000 0.5486234 -0.5732055 -0.0488898 -0.0723161 -0.3282338 -0.4653185 0.8188478
382.000000 0.6072716 -0.5969005 -0.0001080 -0.0954011 -0.3585223 -0.4371831 0.8192871
385.000000 0.6759811 -0.6178985 0.0410111 -0.0966269 -0.3836235 -0.4072642 0.8231842
388.000000 0.7489321 -0.6377089 0.0857061 -0.0990005 -0.4112629 -0.3754421 0.8246847
395.000000 0.9299573 -0.6564323 0.2006685 -0.0643247 -0.4349155 -0.3257990 0.8369981
403.000000 1.1155283 -0.6408770 0.2506705 -0.0824380 -0.4482190 -0.3333403 0.8253411
406.000000 1.1781348 -0.6796873 0.2709976 -0.0723821 -0.4465204 -0.3576534 0.8169850
408.000000 1.1987019 -0.7003453 0.2702036 -0.0708226 -0.4334828 -0.3714177 0.8180010
411.000000 1.2582041 -0.7189898 0.2836955 -0.0682059 -0.4462596 -0.3758068 0.8093019
413.000000 1.2929158 -0.7390556 0.3050021 -0.0697041 -0.4430041 -0.3784870 0.8097137
418.000000 1.3627295 -0.7877030 0.3624145 -0.0708955 -0.4423416 -0.4078770 0.7955778
420.000000 1.3838844 -0.8055119 0.3837618 -0.0589002 -0.4485782 -0.4156264 0.7890266
422.000000 1.4027836 -0.8208128 0.4031428 -0.0659303 -0.4561487 -0.4179299 0.7828897
424.000000 1.4255038 -0.8402072 0.4187268 -0.0716979 -0.4794779 -0.4153199 0.7697206
436.000000 1.5305332 -0.9491585 0.5244751 -0.0612598 -0.5377964 -0.4504670 0.7100012
438.000000 1.5510675 -0.9644673 0.5396239 -0.0698233 -0.5463621 -0.4561063 0.6989852
448.000000 1.5858934 -1.0624409 0.6300874 -0.0785103 -0.5836627 -0.4637455 0.6619019
452.000000 1.5535843 -1.0883129 0.6724575 -0.0665077 -0.6018081 -0.4548512 0.6530805
454.000000 1.5356306 -1.0939723 0.6950270 -0.0647863 -0.6160443 -0.4498885 0.6433448
458.000000 1.4767048 -1.1091653 0.7475836 -0.0576985 -0.6304249 -0.4493036 0.6303663
462.000000 1.4196564 -1.1250871 0.8018481 -0.0563657 -0.6405213 -0.4532182 0.6173724
470.000000 1.2809588 -1.2089918 0.8644531 -0.0725043 -0.6305953 -0.4558959 0.6239003
476.000000 1.1869586 -1.2662863 0.8438562 -0.0683289 -0.6271945 -0.4783590 0.6108445
478.000000 1.1571065 -1.2811171 0.8345245 -0.0654420 -0.6383546 -0.4765009 0.6009722
481.000000 1.1112058 -1.3019183 0.8215212 -0.0552517 -0.6483995 -0.4787769 0.5893199
483.000000 1.0939003 -1.3086600 0.8276958 -0.0510128 -0.6463627 -0.4831935 0.5883340
490.000000 1.0301330 -1.2998388 0.8319038 -0.0919589 -0.5980403 -0.5480388 0.5775334
493.000000 0.9972182 -1.2808373 0.8292093 -0.0917168 -0.5689506 -0.5750273 0.5807124
499.000000 0.9514030 -1.2466516 0.8649718 -0.0868119 -0.5325423 -0.6093483 0.5809966
501.000000 0.9448742 -1.2142551 0.8734088 -0.0747457 -0.5201201 -0.6191007 0.5836115
503.000000 0.9444246 -1.1916635 0.8932107 -0.0828750 -0.5191593 -0.6210488 0.5812950
506.000000 0.9337558 -1.1574421 0.9136308 -0.1018748 -0.5034555 -0.6322565 0.5800049
512.000000 0.9450874 -1.0648909 0.9410974 -0.1299892 -0.4783089 -0.6370142 0.5903696
514.000000 0.9555324 -1.0238917 0.9425163 -0.1381131 -0.4756349 -0.6340696 0.5938451
517.000000 0.9702445 -0.9746866 0.9338168 -0.1476587 -0.4764556 -0.6318625 0.5932427
520.000000 0.9897888 -0.9292015 0.9174566 -0.1548541 -0.4721687 -0.6311429 0.5955968
526.000000 1.0257469 -0.8442350 0.8692553 -0.1822154 -0.4565747 -0.6267442 0.6045898
532.000000 1.0510520 -0.7747843 0.8122298 -0.1935717 -0.4559351 -0.6223902 0.6060393
535.000000 1.0557306 -0.7487183 0.7873272 -0.2008744 -0.4505503 -0.6193475 0.6107885
538.000000 1.0574114 -0.7213353 0.7647376 -0.2076278 -0.4469599 -0.6143538 0.6161875
541.000000 1.0568590 -0.7014774 0.7460434 -0.2095255 -0.4392203 -0.6070068 0.6282734
564.000000 1.0180962 -0.6553950 0.6004124 -0.1798522 -0.4276884 -0.5182912 0.7184080
567.000000 1.0199986 -0.6548598 0.5881532 -0.1740712 -0.4165292 -0.5114674 0.7311660
573.000000 1.0321780 -0.6465978 0.5769955 -0.1840969 -0.3868739 -0.4879575 0.7604830
576.000000 1.0355054 -0.6377858 0.5711180 -0.1836492 -0.3664670 -0.4856817 0.7720674
579.000000 1.0342600 -0.6259143 0.5636224 -0.1886618 -0.3464250 -0.4825516 0.7820105
585.000000 1.0220793 -0.6150873 0.5501780 -0.1881622 -0.3352289 -0.4717042 0.7935437
589.000000 1.0206116 -0.6126689 0.5440038 -0.1835671 -0.3404198 -0.4642512 0.7967988
592.000000 1.0133623 -0.6201175 0.5442551 -0.1833542 -0.3387340 -0.4655216 0.7968251
