210.000000 0.0000000 0.0000000 0.0000000 0.0000000 0.0000000 0.0000000 1.0000000
211.000000 -0.0231137 0.0057347 -0.0027414 0.0009777 0.0028779 -0.0024701 0.9999923
212.000000 -0.0476300 0.0114586 -0.0053930 -0.0017131 0.0059711 -0.0049547 0.9999684
214.000000 -0.0904547 0.0077162 -0.0044056 -0.0115997 0.0067193 -0.0009341 0.9999097
217.000000 -0.1470611 0.0010936 0.0007775 -0.0212308 0.0127624 0.0087295 0.9996550
218.000000 -0.1699701 -0.0003542 0.0017720 -0.0206307 0.0164793 0.0107426 0.9995936
219.000000 -0.1943980 -0.0029978 0.0019861 -0.0217252 0.0164686 0.0170216 0.9994834
220.000000 -0.2135908 -0.0116306 0.0048623 -0.0243141 0.0099077 0.0288084 0.9992401
223.000000 -0.2420941 -0.0209475 0.0262620 -0.0284414 -0.0037843 0.0503104 0.9983214
224.000000 -0.2509049 -0.0264201 0.0316951 -0.0242967 0.0027369 0.0510066 0.9983990
225.000000 -0.2628248 -0.0307027 0.0365147 -0.0208901 0.0123158 0.0500808 0.9984507
227.000000 -0.2827642 -0.0372287 0.0476386 -0.0143118 0.0313176 0.0539867 0.9979478
