210.000000 0.0000000 0.0000000 0.0000000 0.0000000 0.0000000 0.0000000 1.0000000
211.000000 -0.0201546 0.0045764 -0.0035094 0.0004998 0.0019002 -0.0027012 0.9999944
212.000000 -0.0410777 0.0093858 -0.0063790 -0.0026101 0.0037018 -0.0051843 0.9999763
214.000000 -0.0786615 0.0049079 -0.0076710 -0.0129491 0.0027487 -0.0011755 0.9999117
218.000000 -0.1487382 -0.0036958 -0.0064876 -0.0226022 0.0092648 0.0101838 0.9996497
219.000000 -0.1715305 -0.0070067 -0.0086896 -0.0241270 0.0086448 0.0166679 0.9995326
220.000000 -0.1871148 -0.0147267 -0.0065418 -0.0266201 0.0006447 0.0287098 0.9992331
228.000000 -0.2612905 -0.0454431 0.0335950 -0.0172351 0.0325875 0.0571484 0.9976848
232.000000 -0.2967862 -0.0592058 0.0505773 -0.0170649 0.0918409 0.0802752 0.9923860
233.000000 -0.3081259 -0.0675755 0.0564204 -0.0207301 0.1059489 0.0831731 0.9906701
239.000000 -0.3751250 -0.0867437 0.0893185 -0.0216042 0.1572912 0.0807420 0.9840088
241.000000 -0.3985799 -0.0899747 0.1038198 -0.0242148 0.1673248 0.0752059 0.9827309
247.000000 -0.4516668 -0.1314401 0.1549531 -0.0391697 0.1955002 0.0679469 0.9775626
249.000000 -0.4673040 -0.1369317 0.1725901 -0.0368502 0.1955437 0.0672953 0.9776891
259.000000 -0.4931786 -0.1828105 0.2492216 -0.0352151 0.2044685 0.0342863 0.9776385
261.000000 -0.4901183 -0.1958526 0.2607015 -0.0444327 0.2075314 0.0357903 0.9765631
263.000000 -0.4778762 -0.1988051 0.2578769 -0.0387301 0.2048111 0.0311652 0.9775383
266.000000 -0.4620743 -0.2002519 0.2555673 -0.0354230 0.2214385 0.0260402 0.9741828
268.000000 -0.4474492 -0.1976752 0.2535393 -0.0391165 0.2261907 0.0372685 0.9725835
270.000000 -0.4252811 -0.1874042 0.2424827 -0.0402359 0.2288458 0.0441147 0.9716299
272.000000 -0.4041082 -0.1724682 0.2327355 -0.0377644 0.2371253 0.0568383 0.9690794
