210.000000 0.0000000 0.0000000 0.0000000 0.0000000 0.0000000 0.0000000 1.0000000
212.000000 -0.0411253 0.0089052 -0.0069265 -0.0029511 0.0038617 -0.0056680 0.9999721
218.000000 -0.1474274 -0.0040779 -0.0085478 -0.0228254 0.0088929 0.0099634 0.9996502
219.000000 -0.1697729 -0.0078371 -0.0111124 -0.0247227 0.0082549 0.0162146 0.9995288
220.000000 -0.1846294 -0.0152305 -0.0094261 -0.0271148 0.0000632 0.0277579 0.9992468
232.000000 -0.2913611 -0.0624407 0.0415956 -0.0189722 0.0891297 0.0811270 0.9925293
233.000000 -0.3025267 -0.0705793 0.0465608 -0.0225865 0.1030661 0.0836972 0.9908895
241.000000 -0.3953183 -0.0946756 0.0922842 -0.0267895 0.1650764 0.0760902 0.9829763
249.000000 -0.4645745 -0.1444094 0.1595685 -0.0405178 0.1929527 0.0689275 0.9779451
259.000000 -0.4918450 -0.1913042 0.2371205 -0.0393548 0.2022604 0.0361032 0.9778745
261.000000 -0.4879363 -0.2049463 0.2480181 -0.0489906 0.2048226 0.0377077 0.9768448
263.000000 -0.4760661 -0.2074050 0.2457379 -0.0429380 0.2023412 0.0330638 0.9778145
270.000000 -0.4223425 -0.1946699 0.2306518 -0.0439422 0.2260142 0.0454495 0.9720705
272.000000 -0.4017650 -0.1799204 0.2214853 -0.0415830 0.2347903 0.0579388 0.9694264
295.000000 -0.3307795 0.0211049 0.1400425 -0.1744596 0.2089176 0.0541335 0.9607221
298.000000 -0.3282990 0.0410376 0.1144831 -0.1711161 0.1932798 0.0197741 0.9659044
304.000000 -0.2650819 0.0731068 0.0369782 -0.1784354 0.1489179 -0.0193712 0.9724243
310.000000 -0.1921761 0.0757006 -0.0299735 -0.1605859 0.1049500 -0.0581596 0.9797016
314.000000 -0.1350048 0.0743500 -0.0677802 -0.1470964 0.0836288 -0.0828564 0.9820915
326.000000 0.0565722 0.0068911 -0.1282758 -0.1315709 0.0398885 -0.1038133 0.9850487
330.000000 0.1215243 -0.0457846 -0.1527266 -0.1174805 0.0304781 -0.1231823 0.9849343
332.000000 0.1472741 -0.0871763 -0.1664520 -0.1160150 0.0272284 -0.1439541 0.9823830
338.000000 0.2041909 -0.1840189 -0.2153194 -0.1025913 0.0043480 -0.1872640 0.9769280
340.000000 0.2127235 -0.2083011 -0.2349732 -0.0926863 0.0015072 -0.1997982 0.9754423
342.000000 0.2102023 -0.2393647 -0.2520282 -0.0845101 -0.0127351 -0.2035157 0.9753344
344.000000 0.2281061 -0.2454197 -0.2746551 -0.0727555 -0.0455420 -0.2036224 0.9752797
347.000000 0.2619695 -0.2974172 -0.2855898 -0.0819397 -0.0937859 -0.2143359 0.9687880
350.000000 0.2988931 -0.3437949 -0.3030902 -0.0742876 -0.1121685 -0.2372817 0.9620795
352.000000 0.3281196 -0.3703357 -0.3186573 -0.0683222 -0.1201142 -0.2495840 0.9584427
354.000000 0.3521289 -0.4395656 -0.3255655 -0.0729139 -0.1265571 -0.2698922 0.9517484
356.000000 0.3678109 -0.4780365 -0.3455745 -0.0445679 -0.1145410 -0.2872697 0.9499317
360.000000 0.3697676 -0.5058495 -0.3627825 0.0238829 -0.1264729 -0.3443161 0.9299896
362.000000 0.3796089 -0.5097812 -0.3625792 0.0359250 -0.1627620 -0.3645131 0.9161595
364.000000 0.3950003 -0.5406026 -0.3323285 0.0288040 -0.1959254 -0.4008021 0.8945061
366.000000 0.4036426 -0.5741422 -0.3080476 0.0398528 -0.2121756 -0.4298375 0.8767172
368.000000 0.4120188 -0.5646710 -0.2797723 0.0586357 -0.2242633 -0.4591730 0.8575709
370.000000 0.4641457 -0.5370050 -0.2325511 0.0458428 -0.2466058 -0.4871748 0.8365074
372.000000 0.4717973 -0.5463918 -0.1872179 0.0127312 -0.2586002 -0.5062847 0.8225811
374.000000 0.4892014 -0.5539825 -0.1423279 -0.0147344 -0.2696990 -0.5161459 0.8127968
376.000000 0.5142962 -0.5546765 -0.1021256 -0.0405391 -0.2868085 -0.4984018 0.8171249
379.000000 0.5538694 -0.5769420 -0.0448834 -0.0723510 -0.3302377 -0.4649705 0.8182364
382.000000 0.6125360 -0.6005754 0.0036781 -0.0954136 -0.3603486 -0.4371384 0.8185079
