210.000000 0.0000000 0.0000000 0.0000000 0.0000000 0.0000000 0.0000000 1.0000000
211.000000 -0.0200169 0.0048404 -0.0030494 0.0006355 0.0018523 -0.0026845 0.9999945
212.000000 -0.0411199 0.0097257 -0.0060348 -0.0024111 0.0037475 -0.0051687 0.9999767
214.000000 -0.0779525 0.0056315 -0.0065643 -0.0125749 0.0025429 -0.0013145 0.9999169
218.000000 -0.1472433 -0.0024537 -0.0046512 -0.0219738 0.0088265 0.0099745 0.9996698
219.000000 -0.1693845 -0.0051978 -0.0063213 -0.0232620 0.0080292 0.0162152 0.9995657
220.000000 -0.1845963 -0.0128456 -0.0041462 -0.0257630 -0.0001338 0.0282372 0.9992692
228.000000 -0.2571283 -0.0430021 0.0357860 -0.0162551 0.0311717 0.0565308 0.9977817
232.000000 -0.2921906 -0.0560341 0.0526015 -0.0158211 0.0902532 0.0795352 0.9926118
233.000000 -0.3037027 -0.0646625 0.0585101 -0.0196361 0.1044738 0.0824725 0.9909077
239.000000 -0.3690389 -0.0827296 0.0907333 -0.0201371 0.1552095 0.0798312 0.9844447
241.000000 -0.3920035 -0.0854508 0.1048035 -0.0224133 0.1650451 0.0743178 0.9832267
247.000000 -0.4436322 -0.1269093 0.1553359 -0.0376586 0.1926830 0.0667910 0.9782608
249.000000 -0.4588529 -0.1321480 0.1718718 -0.0351822 0.1922699 0.0662666 0.9784698
251.000000 -0.4686789 -0.1532187 0.1889933 -0.0373776 0.1936471 0.0621066 0.9783897
253.000000 -0.4762528 -0.1572181 0.2022454 -0.0315215 0.1934327 0.0550875 0.9790585
255.000000 -0.4821300 -0.1648329 0.2166985 -0.0266194 0.1916639 0.0454470 0.9800464
257.000000 -0.4816484 -0.1611682 0.2286196 -0.0232520 0.1960920 0.0359357 0.9796509
259.000000 -0.4844751 -0.1766098 0.2468100 -0.0327684 0.2007842 0.0333366 0.9785196
