210.000000 0.0000000 0.0000000 0.0000000 0.0000000 0.0000000 0.0000000 1.0000000
212.000000 -0.0408821 0.0087159 -0.0069199 -0.0030657 0.0038418 -0.0057642 0.9999713
218.000000 -0.1465098 -0.0039604 -0.0086728 -0.0227861 0.0087370 0.0098797 0.9996533
219.000000 -0.1686339 -0.0076046 -0.0111865 -0.0246461 0.0080477 0.0161163 0.9995340
220.000000 -0.1833434 -0.0145936 -0.0094759 -0.0268943 -0.0001786 0.0275340 0.9992590
232.000000 -0.2893563 -0.0620769 0.0409240 -0.0189448 0.0886764 0.0811791 0.9925662
233.000000 -0.3003959 -0.0700437 0.0458797 -0.0224878 0.1025648 0.0837229 0.9909416
241.000000 -0.3926539 -0.0941616 0.0910007 -0.0267303 0.1644180 0.0761690 0.9830822
249.000000 -0.4616283 -0.1437010 0.1576220 -0.0404014 0.1921881 0.0690805 0.9780896
259.000000 -0.4888272 -0.1907976 0.2345969 -0.0393211 0.2014147 0.0364141 0.9780388
261.000000 -0.4850083 -0.2042425 0.2455260 -0.0488885 0.2040101 0.0379676 0.9770098
263.000000 -0.4731846 -0.2066836 0.2432617 -0.0428303 0.2015389 0.0333389 0.9779755
270.000000 -0.4196788 -0.1938506 0.2284344 -0.0438050 0.2252777 0.0457147 0.9722351
272.000000 -0.3993694 -0.1789771 0.2194317 -0.0413605 0.2341823 0.0581831 0.9695683
295.000000 -0.3288966 0.0206847 0.1389276 -0.1746968 0.2085913 0.0540788 0.9607529
298.000000 -0.3264638 0.0404579 0.1134695 -0.1713853 0.1929708 0.0197337 0.9659192
304.000000 -0.2634949 0.0724888 0.0364775 -0.1786123 0.1486424 -0.0194529 0.9724324
310.000000 -0.1911733 0.0749486 -0.0300404 -0.1608098 0.1048375 -0.0581737 0.9796761
314.000000 -0.1341659 0.0735460 -0.0676791 -0.1473427 0.0834546 -0.0828169 0.9820727
326.000000 0.0560420 0.0065938 -0.1277454 -0.1317075 0.0400431 -0.1038131 0.9850241
330.000000 0.1207047 -0.0459068 -0.1521008 -0.1176905 0.0305987 -0.1230612 0.9849206
332.000000 0.1465030 -0.0868295 -0.1655958 -0.1160807 0.0272685 -0.1438610 0.9823878
338.000000 0.2029188 -0.1825791 -0.2143386 -0.1024302 0.0045542 -0.1871415 0.9769675
340.000000 0.2113815 -0.2066710 -0.2338907 -0.0924834 0.0017048 -0.1996956 0.9754822
342.000000 0.2085162 -0.2380147 -0.2511983 -0.0844958 -0.0124587 -0.2034128 0.9753607
344.000000 0.2262987 -0.2434939 -0.2733080 -0.0725302 -0.0452272 -0.2035487 0.9753265
347.000000 0.2600549 -0.2937228 -0.2843032 -0.0811207 -0.0933007 -0.2143029 0.9689111
350.000000 0.2966643 -0.3395138 -0.3015639 -0.0733957 -0.1116069 -0.2371178 0.9622537
352.000000 0.3253928 -0.3649723 -0.3170761 -0.0671602 -0.1193603 -0.2495931 0.9586167
354.000000 0.3486549 -0.4336748 -0.3253874 -0.0718065 -0.1255159 -0.2697791 0.9520025
356.000000 0.3653793 -0.4721487 -0.3443246 -0.0433393 -0.1137888 -0.2871343 0.9501199
360.000000 0.3666782 -0.4985238 -0.3632166 0.0253343 -0.1252637 -0.3441314 0.9301832
362.000000 0.3768439 -0.5025106 -0.3627213 0.0374673 -0.1616196 -0.3646538 0.9162439
364.000000 0.3914138 -0.5331186 -0.3333081 0.0302583 -0.1944100 -0.4008865 0.8947509
368.000000 0.4086041 -0.5565299 -0.2801858 0.0601239 -0.2227013 -0.4592979 0.8578081
370.000000 0.4591619 -0.5300073 -0.2329192 0.0469241 -0.2448201 -0.4875703 0.8367416
372.000000 0.4660301 -0.5391299 -0.1883259 0.0136053 -0.2564278 -0.5068871 0.8228762
374.000000 0.4830365 -0.5468209 -0.1461675 -0.0138004 -0.2669010 -0.5171052 0.8131271
379.000000 0.5478120 -0.5727652 -0.0496581 -0.0722533 -0.3278223 -0.4655675 0.8188766
382.000000 0.6062400 -0.5959952 -0.0008997 -0.0951677 -0.3579973 -0.4375853 0.8193291
385.000000 0.6750883 -0.6170836 0.0401041 -0.0963660 -0.3831343 -0.4076631 0.8232450
388.000000 0.7486972 -0.6371944 0.0853287 -0.0987897 -0.4110689 -0.3756246 0.8247237
391.000000 0.8202714 -0.6493347 0.1305658 -0.0930382 -0.4298670 -0.3469834 0.8283482
395.000000 0.9312055 -0.6582003 0.2004156 -0.0646545 -0.4351036 -0.3257549 0.8368921
403.000000 1.1163015 -0.6410507 0.2501046 -0.0825967 -0.4479478 -0.3331040 0.8255678
406.000000 1.1806996 -0.6817316 0.2712765 -0.0726378 -0.4468487 -0.3576242 0.8167955
408.000000 1.2012858 -0.7025724 0.2702910 -0.0711031 -0.4337548 -0.3713851 0.8178473
411.000000 1.2622163 -0.7226542 0.2845620 -0.0687387 -0.4469627 -0.3757391 0.8089001
413.000000 1.2964569 -0.7412400 0.3076345 -0.0698429 -0.4439517 -0.3783456 0.8092487
418.000000 1.3656218 -0.7887676 0.3674136 -0.0711314 -0.4437709 -0.4072621 0.7950757
420.000000 1.3866615 -0.8086034 0.3874987 -0.0594705 -0.4496495 -0.4155340 0.7884225
422.000000 1.4058042 -0.8242503 0.4065682 -0.0662945 -0.4571236 -0.4181198 0.7821885
424.000000 1.4285083 -0.8419163 0.4230891 -0.0716748 -0.4806592 -0.4152101 0.7690448
434.000000 1.5131075 -0.9353424 0.5157980 -0.0654761 -0.5279445 -0.4452122 0.7202594
436.000000 1.5321331 -0.9509449 0.5325160 -0.0615369 -0.5396266 -0.4502045 0.7087540
438.000000 1.5524695 -0.9658440 0.5473631 -0.0700106 -0.5479961 -0.4559254 0.6978043
448.000000 1.5851303 -1.0590404 0.6419659 -0.0779157 -0.5860059 -0.4628665 0.6605156
452.000000 1.5525901 -1.0823413 0.6840447 -0.0654510 -0.6040627 -0.4537875 0.6518446
454.000000 1.5342317 -1.0882336 0.7073295 -0.0639886 -0.6184924 -0.4486648 0.6419287
458.000000 1.4737639 -1.1037509 0.7604897 -0.0571334 -0.6329876 -0.4482432 0.6286021
462.000000 1.4159665 -1.1179618 0.8149084 -0.0558411 -0.6431400 -0.4517538 0.6157687
464.000000 1.3775733 -1.1383629 0.8398120 -0.0612663 -0.6418718 -0.4530274 0.6156405
466.000000 1.3367622 -1.1615554 0.8572846 -0.0638277 -0.6387784 -0.4545207 0.6174942
468.000000 1.3149486 -1.1752927 0.8735765 -0.0638691 -0.6368312 -0.4507050 0.6222795
470.000000 1.2770703 -1.1993742 0.8807478 -0.0725001 -0.6340917 -0.4532707 0.6222677
472.000000 1.2407769 -1.2211120 0.8831756 -0.0742716 -0.6297869 -0.4611445 0.6206431
