210.000000 0.0000000 0.0000000 0.0000000 0.0000000 0.0000000 0.0000000 1.0000000
212.000000 -0.0408821 0.0087159 -0.0069199 -0.0030657 0.0038418 -0.0057642 0.9999713
218.000000 -0.1465098 -0.0039604 -0.0086728 -0.0227861 0.0087370 0.0098797 0.9996533
219.000000 -0.1686339 -0.0076046 -0.0111865 -0.0246461 0.0080477 0.0161163 0.9995340
220.000000 -0.1833434 -0.0145936 -0.0094759 -0.0268943 -0.0001786 0.0275340 0.9992590
232.000000 -0.2893563 -0.0620769 0.0409240 -0.0189448 0.0886764 0.0811791 0.9925662
233.000000 -0.3003959 -0.0700437 0.0458797 -0.0224878 0.1025648 0.0837229 0.9909416
241.000000 -0.3926539 -0.0941616 0.0910007 -0.0267303 0.1644180 0.0761690 0.9830822
249.000000 -0.4616283 -0.1437010 0.1576220 -0.0404014 0.1921881 0.0690805 0.9780896
259.000000 -0.4888272 -0.1907976 0.2345969 -0.0393211 0.2014147 0.0364141 0.9780388
261.000000 -0.4850083 -0.2042425 0.2455260 -0.0488885 0.2040101 0.0379676 0.9770098
263.000000 -0.4731846 -0.2066836 0.2432617 -0.0428303 0.2015389 0.0333389 0.9779755
270.000000 -0.4196788 -0.1938506 0.2284344 -0.0438050 0.2252777 0.0457147 0.9722351
272.000000 -0.3993694 -0.1789771 0.2194317 -0.0413605 0.2341823 0.0581831 0.9695683
295.000000 -0.3288966 0.0206847 0.1389276 -0.1746968 0.2085913 0.0540788 0.9607529
298.000000 -0.3264638 0.0404579 0.1134695 -0.1713853 0.1929708 0.0197337 0.9659192
304.000000 -0.2634949 0.0724888 0.0364775 -0.1786123 0.1486424 -0.0194529 0.9724324
310.000000 -0.1911733 0.0749486 -0.0300404 -0.1608098 0.1048375 -0.0581737 0.9796761
314.000000 -0.1341659 0.0735460 -0.0676791 -0.1473427 0.0834546 -0.0828169 0.9820727
326.000000 0.0560420 0.0065938 -0.1277454 -0.1317075 0.0400431 -0.1038131 0.9850241
330.000000 0.1207047 -0.0459068 -0.1521008 -0.1176905 0.0305987 -0.1230612 0.9849206
332.000000 0.1465030 -0.0868295 -0.1655958 -0.1160807 0.0272685 -0.1438610 0.9823878
338.000000 0.2029188 -0.1825791 -0.2143386 -0.1024302 0.0045542 -0.1871415 0.9769675
340.000000 0.2113815 -0.2066710 -0.2338907 -0.0924834 0.0017048 -0.1996956 0.9754822
342.000000 0.2085162 -0.2380147 -0.2511983 -0.0844958 -0.0124587 -0.2034128 0.9753607
344.000000 0.2262987 -0.2434939 -0.2733080 -0.0725302 -0.0452272 -0.2035487 0.9753265
347.000000 0.2600549 -0.2937228 -0.2843032 -0.0811207 -0.0933007 -0.2143029 0.9689111
350.000000 0.2966643 -0.3395138 -0.3015639 -0.0733957 -0.1116069 -0.2371178 0.9622537
352.000000 0.3253928 -0.3649723 -0.3170761 -0.0671602 -0.1193603 -0.2495931 0.9586167
354.000000 0.3486549 -0.4336748 -0.3253874 -0.0718065 -0.1255159 -0.2697791 0.9520025
356.000000 0.3653793 -0.4721487 -0.3443246 -0.0433393 -0.1137888 -0.2871343 0.9501199
360.000000 0.3666782 -0.4985238 -0.3632166 0.0253343 -0.1252637 -0.3441314 0.9301832
362.000000 0.3768439 -0.5025106 -0.3627213 0.0374673 -0.1616196 -0.3646538 0.9162439
364.000000 0.3914138 -0.5331186 -0.3333081 0.0302583 -0.1944100 -0.4008865 0.8947509
368.000000 0.4086041 -0.5565299 -0.2801858 0.0601239 -0.2227013 -0.4592979 0.8578081
370.000000 0.4591619 -0.5300073 -0.2329192 0.0469241 -0.2448201 -0.4875703 0.8367416
372.000000 0.4660301 -0.5391299 -0.1883259 0.0136053 -0.2564278 -0.5068871 0.8228762
374.000000 0.4830365 -0.5468209 -0.1461675 -0.0138004 -0.2669010 -0.5171052 0.8131271
379.000000 0.5486234 -0.5732055 -0.0488898 -0.0723161 -0.3282338 -0.4653185 0.8188478
382.000000 0.6072716 -0.5969005 -0.0001080 -0.0954011 -0.3585223 -0.4371831 0.8192871
385.000000 0.6759811 -0.6178985 0.0410111 -0.0966269 -0.3836235 -0.4072642 0.8231842
388.000000 0.7489321 -0.6377089 0.0857061 -0.0990005 -0.4112629 -0.3754421 0.8246847
395.000000 0.9299573 -0.6564323 0.2006685 -0.0643247 -0.4349155 -0.3257990 0.8369981
403.000000 1.1152489 -0.6407754 0.2502639 -0.0824302 -0.4480718 -0.3333563 0.8254154
406.000000 1.1782019 -0.6794844 0.2714236 -0.0723523 -0.4466170 -0.3575785 0.8169675
408.000000 1.1989908 -0.7006136 0.2703610 -0.0708511 -0.4335626 -0.3714266 0.8179522
411.000000 1.2584245 -0.7192117 0.2838269 -0.0682508 -0.4463238 -0.3757791 0.8092756
413.000000 1.2931638 -0.7394334 0.3052543 -0.0697047 -0.4430907 -0.3785391 0.8096420
418.000000 1.3630834 -0.7877456 0.3634490 -0.0709150 -0.4426433 -0.4077345 0.7954814
420.000000 1.3842928 -0.8059338 0.3845687 -0.0589631 -0.4488189 -0.4155887 0.7889050
422.000000 1.4029753 -0.8212694 0.4041072 -0.0660301 -0.4563953 -0.4179026 0.7827520
424.000000 1.4257572 -0.8402086 0.4195988 -0.0716668 -0.4796801 -0.4152695 0.7696247
436.000000 1.5305997 -0.9492168 0.5256662 -0.0612428 -0.5380391 -0.4504362 0.7098383
438.000000 1.5511353 -0.9645321 0.5409305 -0.0697844 -0.5466324 -0.4560883 0.6987894
448.000000 1.5857066 -1.0620716 0.6313490 -0.0784731 -0.5838925 -0.4636489 0.6617712
452.000000 1.5536277 -1.0879347 0.6738362 -0.0663812 -0.6020777 -0.4547783 0.6528956
454.000000 1.5354513 -1.0933397 0.6965145 -0.0647056 -0.6163224 -0.4497569 0.6431785
458.000000 1.4763414 -1.1086338 0.7489629 -0.0576513 -0.6306794 -0.4491889 0.6301976
462.000000 1.4190861 -1.1243505 0.8032857 -0.0563344 -0.6407878 -0.4530770 0.6172022
470.000000 1.2806689 -1.2080916 0.8656765 -0.0724342 -0.6308376 -0.4557255 0.6237881
476.000000 1.1868124 -1.2652194 0.8450450 -0.0682180 -0.6274291 -0.4781691 0.6107646
478.000000 1.1570971 -1.2801080 0.8357882 -0.0653451 -0.6386074 -0.4762729 0.6008948
481.000000 1.1111739 -1.3008975 0.8228073 -0.0551922 -0.6486501 -0.4785077 0.5892685
483.000000 1.0939826 -1.3075900 0.8289708 -0.0509119 -0.6466162 -0.4829299 0.5882806
490.000000 1.0304130 -1.2987567 0.8331889 -0.0918187 -0.5983407 -0.5477579 0.5775111
493.000000 0.9974201 -1.2799860 0.8304548 -0.0916259 -0.5692497 -0.5747863 0.5806721
499.000000 0.9516387 -1.2456300 0.8659451 -0.0866456 -0.5327821 -0.6091511 0.5810084
501.000000 0.9450369 -1.2134202 0.8744744 -0.0746277 -0.5203934 -0.6189139 0.5835811
503.000000 0.9447425 -1.1905833 0.8941760 -0.0826612 -0.5194167 -0.6208273 0.5813319
506.000000 0.9339472 -1.1564467 0.9144648 -0.1016825 -0.5036613 -0.6321176 0.5800115
512.000000 0.9449812 -1.0638533 0.9416904 -0.1298315 -0.4783556 -0.6370361 0.5903428
514.000000 0.9552375 -1.0231928 0.9432527 -0.1380366 -0.4757534 -0.6341496 0.5936825
517.000000 0.9698893 -0.9739869 0.9344501 -0.1475792 -0.4765225 -0.6320375 0.5930221
520.000000 0.9892892 -0.9284361 0.9182122 -0.1548122 -0.4722116 -0.6312523 0.5954577
526.000000 1.0253308 -0.8437302 0.8699499 -0.1821308 -0.4566045 -0.6271148 0.6042084
532.000000 1.0505497 -0.7741531 0.8130811 -0.1934381 -0.4559434 -0.6226214 0.6058382
535.000000 1.0552555 -0.7481233 0.7881255 -0.2006763 -0.4505294 -0.6196600 0.6105520
538.000000 1.0568305 -0.7212346 0.7656022 -0.2076943 -0.4469756 -0.6146807 0.6158276
541.000000 1.0562013 -0.7007631 0.7470374 -0.2093998 -0.4391767 -0.6072730 0.6280884
544.000000 1.0534174 -0.6855706 0.7242608 -0.2071423 -0.4464068 -0.5926684 0.6376184
557.000000 1.0220368 -0.6630138 0.6372132 -0.1798754 -0.4451398 -0.5382000 0.6927021
564.000000 1.0184252 -0.6563463 0.6029682 -0.1806930 -0.4289246 -0.5173797 0.7181170
567.000000 1.0203598 -0.6564341 0.5910805 -0.1753420 -0.4180501 -0.5104891 0.7306779
570.000000 1.0254023 -0.6566534 0.5847248 -0.1771686 -0.4044684 -0.4984387 0.7460399
573.000000 1.0325909 -0.6480719 0.5791383 -0.1850762 -0.3881679 -0.4874979 0.7598805
576.000000 1.0354381 -0.6399441 0.5731617 -0.1850850 -0.3675739 -0.4855945 0.7712528
579.000000 1.0341096 -0.6288093 0.5655665 -0.1904215 -0.3476310 -0.4828791 0.7808458
