210.000000 0.0000000 0.0000000 0.0000000 0.0000000 0.0000000 0.0000000 1.0000000
211.000000 -0.0199181 0.0047674 -0.0030543 0.0005970 0.0017671 -0.0026113 0.9999948
212.000000 -0.0411542 0.0099665 -0.0057587 -0.0023232 0.0037079 -0.0051218 0.9999773
214.000000 -0.0783578 0.0058645 -0.0062058 -0.0124538 0.0026510 -0.0013262 0.9999180
218.000000 -0.1480093 -0.0018035 -0.0036516 -0.0216378 0.0090984 0.0097953 0.9996765
219.000000 -0.1702027 -0.0043952 -0.0049987 -0.0228347 0.0083214 0.0160920 0.9995751
220.000000 -0.1853127 -0.0122783 -0.0031300 -0.0254573 0.0000566 0.0281088 0.9992806
224.000000 -0.2188961 -0.0277629 0.0190911 -0.0262691 -0.0085566 0.0507074 0.9983314
228.000000 -0.2580940 -0.0426532 0.0374354 -0.0160448 0.0314541 0.0563792 0.9977849
232.000000 -0.2933437 -0.0550406 0.0546196 -0.0153019 0.0907077 0.0792058 0.9926049
233.000000 -0.3049530 -0.0635591 0.0608004 -0.0189925 0.1049996 0.0821691 0.9908898
239.000000 -0.3698900 -0.0810576 0.0942998 -0.0191794 0.1557066 0.0796904 0.9843968
241.000000 -0.3927429 -0.0839412 0.1088470 -0.0215225 0.1655878 0.0742239 0.9831624
243.000000 -0.4106863 -0.0923469 0.1252214 -0.0295350 0.1792473 0.0657123 0.9811625
245.000000 -0.4279965 -0.1074952 0.1437186 -0.0388072 0.1867806 0.0649195 0.9794858
247.000000 -0.4449861 -0.1241763 0.1604635 -0.0363496 0.1937327 0.0659321 0.9781612
249.000000 -0.4592122 -0.1297326 0.1770040 -0.0340047 0.1929446 0.0655627 0.9784261
251.000000 -0.4695129 -0.1497325 0.1945551 -0.0357524 0.1945753 0.0609486 0.9783391
253.000000 -0.4759417 -0.1541440 0.2074397 -0.0300826 0.1938666 0.0542996 0.9790620
